 Theta Psi Nu P Q
  0.32169909E+01  0.26935104E+00  0.19559233E-09  0.30000000E+01  0.19000000E+02
  0.47752208E+01  0.69307684E+00  0.10223840E-08  0.30000000E+01  0.19000000E+02
  0.16084954E+01  0.70995678E+00  0.70302581E-09  0.30000000E+01  0.19000000E+02
  0.36191147E+01  0.28443092E+00  0.47122438E-10  0.30000000E+01  0.19000000E+02
  0.59564597E+01  0.23128387E+00 -0.10182352E-08  0.30000000E+01  0.19000000E+02
  0.32421236E+01  0.26961195E+00  0.56247530E-09  0.30000000E+01  0.19000000E+02
  0.48003536E+01  0.67582671E+00  0.45712521E-09  0.30000000E+01  0.19000000E+02
  0.16336282E+01  0.69935728E+00  0.99553518E-09  0.30000000E+01  0.19000000E+02
  0.36442475E+01  0.28643174E+00  0.42014060E-09  0.30000000E+01  0.19000000E+02
  0.50265482E-01  0.10223163E+01 -0.87623879E-03  0.30000000E+01  0.19000000E+02
  0.24630086E+01  0.30619966E+00  0.98962011E-09  0.30000000E+01  0.19000000E+02
  0.45992916E+01  0.66672954E+00  0.52645265E-09  0.30000000E+01  0.19000000E+02
  0.32672564E+01  0.26994373E+00  0.84563720E-09  0.30000000E+01  0.19000000E+02
  0.48254863E+01  0.65545641E+00 -0.49590155E-09  0.30000000E+01  0.19000000E+02
  0.16587609E+01  0.68451811E+00  0.30940536E-09  0.30000000E+01  0.19000000E+02
  0.36693802E+01  0.28860811E+00  0.73932219E-09  0.30000000E+01  0.19000000E+02
  0.52527429E+01  0.36027887E+00  0.98918686E-09  0.30000000E+01  0.19000000E+02
  0.46244244E+01  0.68435711E+00  0.10284315E-08  0.30000000E+01  0.19000000E+02
  0.32923891E+01  0.27034879E+00  0.10033492E-08  0.30000000E+01  0.19000000E+02
  0.16838937E+01  0.66669995E+00 -0.62991883E-09  0.30000000E+01  0.19000000E+02
  0.48506191E+01  0.63321620E+00 -0.10158227E-08  0.30000000E+01  0.19000000E+02
  0.13571680E+01  0.56375967E+00 -0.52960558E-09  0.30000000E+01  0.19000000E+02
  0.28399998E+01  0.27418585E+00  0.65021776E-09  0.30000000E+01  0.19000000E+02
  0.52778757E+01  0.35064682E+00  0.10268730E-08  0.30000000E+01  0.19000000E+02
  0.46495571E+01  0.69895197E+00  0.59622521E-09  0.30000000E+01  0.19000000E+02
  0.33175218E+01  0.27083018E+00  0.10127349E-08  0.30000000E+01  0.19000000E+02
  0.17090264E+01  0.64704061E+00 -0.10295376E-08  0.30000000E+01  0.19000000E+02
  0.48757518E+01  0.61013727E+00 -0.79891035E-09  0.30000000E+01  0.19000000E+02
  0.28651325E+01  0.27325912E+00  0.89871379E-09  0.30000000E+01  0.19000000E+02
  0.61575216E+01  0.22318074E+00  0.62924548E-09  0.30000000E+01  0.19000000E+02
  0.53030084E+01  0.34162690E+00  0.90389551E-09  0.30000000E+01  0.19000000E+02
  0.46746899E+01  0.70929095E+00 -0.43923775E-09  0.30000000E+01  0.19000000E+02
  0.33426546E+01  0.27139152E+00  0.87302056E-09  0.30000000E+01  0.19000000E+02
  0.17341591E+01  0.62645715E+00 -0.67481261E-09  0.30000000E+01  0.19000000E+02
  0.49008845E+01  0.58698856E+00 -0.97419194E-10  0.30000000E+01  0.19000000E+02
  0.28902652E+01  0.27243841E+00  0.10186122E-08  0.30000000E+01  0.19000000E+02
  0.53281411E+01  0.33317639E+00  0.64660620E-09  0.30000000E+01  0.19000000E+02
  0.46998226E+01  0.71426327E+00 -0.10275465E-08  0.30000000E+01  0.19000000E+02
  0.14074335E+01  0.60996236E+00 -0.90072963E-09  0.30000000E+01  0.19000000E+02
  0.33677873E+01  0.27203702E+00  0.60543445E-09  0.30000000E+01  0.19000000E+02
  0.61826543E+01  0.93604578E+00  0.40379427E-03  0.30000000E+01  0.19000000E+02
  0.29153980E+01  0.27171774E+00  0.99112282E-09  0.30000000E+01  0.19000000E+02
  0.17592919E+01  0.60563335E+00  0.92726291E-10  0.30000000E+01  0.19000000E+02
  0.49260173E+01  0.56429981E+00  0.61938354E-09  0.30000000E+01  0.19000000E+02
  0.47249554E+01  0.71315560E+00 -0.49485312E-09  0.30000000E+01  0.19000000E+02
  0.53532739E+01  0.32525583E+00  0.30030567E-09  0.30000000E+01  0.19000000E+02
  0.33929201E+01  0.27277145E+00  0.24981124E-09  0.30000000E+01  0.19000000E+02
  0.14325663E+01  0.63328571E+00 -0.22339074E-09  0.30000000E+01  0.19000000E+02
  0.25384069E+01  0.29633055E+00  0.67518409E-09  0.30000000E+01  0.19000000E+02
  0.29405307E+01  0.27109159E+00  0.81908793E-09  0.30000000E+01  0.19000000E+02
  0.17844246E+01  0.58504985E+00  0.77248635E-09  0.30000000E+01  0.19000000E+02
  0.49511500E+01  0.54241014E+00  0.10007576E-08  0.30000000E+01  0.19000000E+02
  0.47500881E+01  0.70589077E+00  0.57485071E-09  0.30000000E+01  0.19000000E+02
  0.53784066E+01  0.31782883E+00 -0.81027409E-10  0.30000000E+01  0.19000000E+02
  0.34180528E+01  0.27360012E+00 -0.14176958E-09  0.30000000E+01  0.19000000E+02
  0.14576990E+01  0.65579796E+00  0.64911405E-09  0.30000000E+01  0.19000000E+02
  0.30159289E+00  0.22991733E+00 -0.48771933E-09  0.30000000E+01  0.19000000E+02
  0.29656635E+01  0.27055487E+00  0.52684141E-09  0.30000000E+01  0.19000000E+02
  0.18095574E+01  0.56502741E+00  0.10271506E-08  0.30000000E+01  0.19000000E+02
  0.49762828E+01  0.52151864E+00  0.93335344E-09  0.30000000E+01  0.19000000E+02
  0.34431855E+01  0.27452890E+00 -0.51181761E-09  0.30000000E+01  0.19000000E+02
  0.54035394E+01  0.31086189E+00 -0.45138573E-09  0.30000000E+01  0.19000000E+02
  0.14828317E+01  0.67644130E+00  0.10267005E-08  0.30000000E+01  0.19000000E+02
  0.32672564E+00  0.23136337E+00 -0.18675154E-09  0.30000000E+01  0.19000000E+02
  0.29907962E+01  0.27010296E+00  0.15666940E-09  0.30000000E+01  0.19000000E+02
  0.18346901E+01  0.54576817E+00  0.79699355E-09  0.30000000E+01  0.19000000E+02
  0.50014155E+01  0.50172678E+00  0.51009768E-09  0.30000000E+01  0.19000000E+02
  0.34683183E+01  0.27556414E+00 -0.80713758E-09  0.30000000E+01  0.19000000E+02
  0.54286721E+01  0.30432418E+00 -0.74937225E-09  0.30000000E+01  0.19000000E+02
  0.15079645E+01  0.69392385E+00  0.46796462E-09  0.30000000E+01  0.19000000E+02
  0.30159289E+01  0.26973174E+00 -0.23726892E-09  0.30000000E+01  0.19000000E+02
  0.35185838E+00  0.23294222E+00  0.12971471E-09  0.30000000E+01  0.19000000E+02
  0.27143361E+01  0.28064796E+00 -0.96360363E-09  0.30000000E+01  0.19000000E+02
  0.34934510E+01  0.27671271E+00 -0.98563907E-09  0.30000000E+01  0.19000000E+02
  0.50265482E+01  0.48307071E+00 -0.70949351E-10  0.30000000E+01  0.19000000E+02
  0.54538048E+01  0.29818736E+00 -0.94576974E-09  0.30000000E+01  0.19000000E+02
  0.15330972E+01  0.70688048E+00 -0.57512811E-09  0.30000000E+01  0.19000000E+02
  0.30410617E+01  0.26943760E+00 -0.59685413E-09  0.30000000E+01  0.19000000E+02
  0.37699112E+00  0.23465834E+00  0.43947871E-09  0.30000000E+01  0.19000000E+02
  0.35185838E+01  0.27798199E+00 -0.10223662E-08  0.30000000E+01  0.19000000E+02
  0.50516810E+01  0.46554435E+00 -0.60496913E-09  0.30000000E+01  0.19000000E+02
  0.15582300E+01  0.71416002E+00 -0.10215394E-08  0.30000000E+01  0.19000000E+02
  0.30661944E+01  0.26921745E+00 -0.86867360E-09  0.30000000E+01  0.19000000E+02
  0.54789376E+01  0.29242539E+00 -0.10171733E-08  0.30000000E+01  0.19000000E+02
  0.35437165E+01  0.27937984E+00 -0.91277118E-09  0.30000000E+01  0.19000000E+02
  0.15833627E+01  0.71514841E+00 -0.34465023E-09  0.30000000E+01  0.19000000E+02
  0.50768137E+01  0.44911543E+00 -0.94390116E-09  0.30000000E+01  0.19000000E+02
  0.30913272E+01  0.26906879E+00 -0.10120815E-08  0.30000000E+01  0.19000000E+02
  0.55040703E+01  0.28701430E+00 -0.97671698E-09  0.30000000E+01  0.19000000E+02
  0.35688493E+01  0.28091461E+00 -0.67300943E-09  0.30000000E+01  0.19000000E+02
  0.31164599E+01  0.26898966E+00 -0.10054209E-08  0.30000000E+01  0.19000000E+02
  0.51019465E+01  0.43373635E+00 -0.10193711E-08  0.30000000E+01  0.19000000E+02
  0.35939820E+01  0.28259518E+00 -0.33731770E-09  0.30000000E+01  0.19000000E+02
  0.31415927E+01  0.26897874E+00 -0.84941355E-09  0.30000000E+01  0.19000000E+02
  0.31667254E+01  0.26903529E+00 -0.56713608E-09  0.30000000E+01  0.19000000E+02
  0.31918581E+01  0.26915921E+00 -0.20059701E-09  0.30000000E+01  0.19000000E+02
  0.23624777E+01  0.32318868E+00 -0.26279110E-09  0.30000000E+01  0.19000000E+02
  0.32169909E+01  0.38848394E+00 -0.38783551E-12  0.70000000E+01  0.44000000E+02
  0.36191147E+01  0.39750378E+00  0.31909908E-11  0.70000000E+01  0.44000000E+02
  0.16084954E+01  0.10554837E+01 -0.59000564E-12  0.70000000E+01  0.44000000E+02
  0.47752208E+01  0.10272252E+01 -0.45549256E-12  0.70000000E+01  0.44000000E+02
  0.51522120E+01  0.53896657E+00  0.10838329E-11  0.70000000E+01  0.44000000E+02
  0.20106193E+01  0.57729416E+00  0.13846902E-11  0.70000000E+01  0.44000000E+02
  0.32421236E+01  0.38860477E+00  0.58180767E-13  0.70000000E+01  0.44000000E+02
  0.36442475E+01  0.39910748E+00  0.39910433E-11  0.70000000E+01  0.44000000E+02
  0.16336282E+01  0.10252370E+01 -0.60741804E-12  0.70000000E+01  0.44000000E+02
  0.48003536E+01  0.98710199E+00 -0.34681320E-12  0.70000000E+01  0.44000000E+02
  0.12566371E+00  0.31464825E+00  0.11783878E-11  0.70000000E+01  0.44000000E+02
  0.32672564E+01  0.38874677E+00  0.15341754E-12  0.70000000E+01  0.44000000E+02
  0.36693802E+01  0.40092583E+00  0.97342558E-12  0.70000000E+01  0.44000000E+02
  0.16587609E+01  0.98816794E+00 -0.59641992E-12  0.70000000E+01  0.44000000E+02
  0.48254863E+01  0.94250745E+00 -0.29349739E-12  0.70000000E+01  0.44000000E+02
  0.47249554E+01  0.10737751E+01 -0.63762415E-12  0.70000000E+01  0.44000000E+02
  0.32923891E+01  0.38891432E+00  0.23639187E-12  0.70000000E+01  0.44000000E+02
  0.36945130E+01  0.40297746E+00  0.12536188E-11  0.70000000E+01  0.44000000E+02
  0.17592919E+00  0.31631053E+00  0.93837684E-12  0.70000000E+01  0.44000000E+02
  0.16838937E+01  0.94818349E+00 -0.57921937E-12  0.70000000E+01  0.44000000E+02
  0.48506191E+01  0.89708234E+00 -0.27515663E-12  0.70000000E+01  0.44000000E+02
  0.61072561E+01  0.31607037E+00  0.28610095E-11  0.70000000E+01  0.44000000E+02
  0.47500881E+01  0.10578308E+01 -0.21573426E-12  0.70000000E+01  0.44000000E+02
  0.33175218E+01  0.38911307E+00  0.31740015E-12  0.70000000E+01  0.44000000E+02
  0.37196457E+01  0.40528163E+00  0.18347621E-11  0.70000000E+01  0.44000000E+02
  0.20106193E+00  0.31734667E+00  0.46879265E-11  0.70000000E+01  0.44000000E+02
  0.17090264E+01  0.90783922E+00 -0.54095225E-12  0.70000000E+01  0.44000000E+02
  0.48757518E+01  0.85299630E+00 -0.23254351E-12  0.70000000E+01  0.44000000E+02
  0.33426546E+01  0.38934988E+00  0.40252207E-12  0.70000000E+01  0.44000000E+02
  0.30913272E+01  0.38813355E+00 -0.40880096E-11  0.70000000E+01  0.44000000E+02
  0.58810614E+01  0.33040862E+00  0.18262729E-11  0.70000000E+01  0.44000000E+02
  0.22619467E+00  0.31852068E+00  0.10448321E-11  0.70000000E+01  0.44000000E+02
  0.17341591E+01  0.86862701E+00 -0.46032136E-12  0.70000000E+01  0.44000000E+02
  0.49008845E+01  0.81135716E+00 -0.14301736E-12  0.70000000E+01  0.44000000E+02
  0.33677873E+01  0.38963279E+00  0.49137081E-12  0.70000000E+01  0.44000000E+02
  0.31164599E+01  0.38816950E+00  0.59353244E-13  0.70000000E+01  0.44000000E+02
  0.21111503E+01  0.52012514E+00  0.35678281E-11  0.70000000E+01  0.44000000E+02
  0.17592919E+01  0.83133515E+00 -0.33521013E-12  0.70000000E+01  0.44000000E+02
  0.49260173E+01  0.77262317E+00 -0.13177357E-13  0.70000000E+01  0.44000000E+02
  0.25132741E+00  0.31983381E+00  0.11366786E-11  0.70000000E+01  0.44000000E+02
  0.33929201E+01  0.38997100E+00  0.58897286E-12  0.70000000E+01  0.44000000E+02
  0.31415927E+01  0.38822386E+00 -0.73108002E-13  0.70000000E+01  0.44000000E+02
  0.17844246E+01  0.79632392E+00 -0.17426292E-12  0.70000000E+01  0.44000000E+02
  0.49511500E+01  0.73689046E+00  0.11292552E-12  0.70000000E+01  0.44000000E+02
  0.27646015E+00  0.32128771E+00  0.13456993E-11  0.70000000E+01  0.44000000E+02
  0.34180528E+01  0.39037475E+00  0.69933450E-12  0.70000000E+01  0.44000000E+02
  0.31667254E+01  0.38829466E+00 -0.48643680E-12  0.70000000E+01  0.44000000E+02
  0.18095574E+01  0.76370556E+00 -0.13799024E-13  0.70000000E+01  0.44000000E+02
  0.49762828E+01  0.70406768E+00  0.12553409E-12  0.70000000E+01  0.44000000E+02
  0.34431855E+01  0.39085533E+00  0.83402800E-12  0.70000000E+01  0.44000000E+02
  0.31918581E+01  0.38838117E+00 -0.13560056E-11  0.70000000E+01  0.44000000E+02
  0.50014155E+01  0.67397508E+00  0.17794165E-11  0.70000000E+01  0.44000000E+02
  0.18346901E+01  0.73345423E+00  0.69132800E-13  0.70000000E+01  0.44000000E+02
  0.22619467E+01  0.46192879E+00  0.17031181E-11  0.70000000E+01  0.44000000E+02
  0.34683183E+01  0.39142497E+00  0.99324798E-12  0.70000000E+01  0.44000000E+02
  0.50265482E+01  0.64639856E+00  0.39946955E-12  0.70000000E+01  0.44000000E+02
  0.18598229E+01  0.70547109E+00  0.63144789E-13  0.70000000E+01  0.44000000E+02
  0.34934510E+01  0.39209682E+00  0.11937966E-11  0.70000000E+01  0.44000000E+02
  0.18849556E+01  0.67962210E+00  0.18679672E-11  0.70000000E+01  0.44000000E+02
  0.50516810E+01  0.62111821E+00 -0.18367240E-12  0.70000000E+01  0.44000000E+02
  0.35185838E+01  0.39288482E+00  0.14374564E-11  0.70000000E+01  0.44000000E+02
  0.19100883E+01  0.65575973E+00  0.18636131E-11  0.70000000E+01  0.44000000E+02
  0.35437165E+01  0.39380372E+00  0.17344199E-11  0.70000000E+01  0.44000000E+02
  0.50768137E+01  0.59792257E+00  0.26399981E-12  0.70000000E+01  0.44000000E+02
  0.19352211E+01  0.63373506E+00  0.18000041E-11  0.70000000E+01  0.44000000E+02
  0.35688493E+01  0.39486899E+00  0.21070432E-11  0.70000000E+01  0.44000000E+02
  0.19603538E+01  0.61340438E+00  0.40593297E-12  0.70000000E+01  0.44000000E+02
  0.35939820E+01  0.39609675E+00  0.25798158E-11  0.70000000E+01  0.44000000E+02
  0.19854866E+01  0.59463249E+00  0.14075844E-11  0.70000000E+01  0.44000000E+02
  0.51270792E+01  0.55701702E+00 -0.23083734E-13  0.70000000E+01  0.44000000E+02
  0.15582300E+01  0.10760146E+01 -0.57819160E-12  0.70000000E+01  0.44000000E+02
  0.15833627E+01  0.10739207E+01 -0.62583931E-12  0.70000000E+01  0.44000000E+02
  0.36191147E+01  0.47577797E+00 -0.17770106E-08  0.40000000E+01  0.25000000E+02
  0.40212386E+00  0.39905618E+00 -0.10650839E-08  0.40000000E+01  0.25000000E+02
  0.00000000E+00  0.37707185E+00  0.72328715E-09  0.40000000E+01  0.25000000E+02
  0.32169909E+01  0.47414770E+00  0.27497766E-08  0.40000000E+01  0.25000000E+02
  0.80424772E+00  0.46646373E+00 -0.27719134E-08  0.40000000E+01  0.25000000E+02
  0.59061942E+01  0.39573613E+00  0.11614143E-08  0.40000000E+01  0.25000000E+02
  0.28148670E+01  0.47212787E+00 -0.25682129E-08  0.40000000E+01  0.25000000E+02
  0.51522120E+01  0.62306734E+00  0.26065628E-08  0.40000000E+01  0.25000000E+02
  0.36442475E+01  0.47673198E+00 -0.25860548E-08  0.40000000E+01  0.25000000E+02
  0.42725660E+00  0.40172875E+00 -0.20870013E-08  0.40000000E+01  0.25000000E+02
  0.25132741E-01  0.37719811E+00 -0.43082716E-09  0.40000000E+01  0.25000000E+02
  0.32421236E+01  0.47414788E+00  0.25379784E-08  0.40000000E+01  0.25000000E+02
  0.59313269E+01  0.39335615E+00 -0.46242664E-10  0.40000000E+01  0.25000000E+02
  0.28399998E+01  0.47207633E+00 -0.16663882E-08  0.40000000E+01  0.25000000E+02
  0.82938046E+00  0.47349474E+00 -0.25426689E-08  0.40000000E+01  0.25000000E+02
  0.51773447E+01  0.60419453E+00  0.27424560E-08  0.40000000E+01  0.25000000E+02
  0.36693802E+01  0.47792047E+00 -0.27485078E-08  0.40000000E+01  0.25000000E+02
  0.50265482E-01  0.37750050E+00 -0.15111334E-08  0.40000000E+01  0.25000000E+02
  0.45238934E+00  0.40454743E+00 -0.26856150E-08  0.40000000E+01  0.25000000E+02
  0.32672564E+01  0.47411742E+00  0.15427545E-08  0.40000000E+01  0.25000000E+02
  0.28651325E+01  0.47210104E+00 -0.28722413E-09  0.40000000E+01  0.25000000E+02
  0.59564597E+01  0.39113061E+00 -0.12377749E-08  0.40000000E+01  0.25000000E+02
  0.85451320E+00  0.48107922E+00 -0.17836609E-08  0.40000000E+01  0.25000000E+02
  0.36945130E+01  0.47936967E+00 -0.22438645E-08  0.40000000E+01  0.25000000E+02
  0.75398224E-01  0.37797809E+00 -0.23300101E-08  0.40000000E+01  0.25000000E+02
  0.47752208E+00  0.40751639E+00 -0.27183275E-08  0.40000000E+01  0.25000000E+02
  0.32923891E+01  0.47405978E+00  0.75058030E-10  0.40000000E+01  0.25000000E+02
  0.28902652E+01  0.47218685E+00  0.11869892E-08  0.40000000E+01  0.25000000E+02
  0.59815924E+01  0.38906034E+00 -0.21830530E-08  0.40000000E+01  0.25000000E+02
  0.87964594E+00  0.48927118E+00 -0.65413233E-09  0.40000000E+01  0.25000000E+02
  0.14325663E+01  0.10787507E+01  0.16758281E-08  0.40000000E+01  0.25000000E+02
  0.57302650E+01  0.41690569E+00 -0.13258838E-08  0.40000000E+01  0.25000000E+02
  0.37196457E+01  0.48110612E+00 -0.12157009E-08  0.40000000E+01  0.25000000E+02
  0.10053096E+00  0.37862948E+00 -0.27426768E-08  0.40000000E+01  0.25000000E+02
  0.50265482E+00  0.41064197E+00 -0.21773070E-08  0.40000000E+01  0.25000000E+02
  0.33175218E+01  0.47398010E+00 -0.14116137E-08  0.40000000E+01  0.25000000E+02
  0.29153980E+01  0.47231994E+00  0.23210076E-08  0.40000000E+01  0.25000000E+02
  0.60067252E+01  0.38714686E+00 -0.27067278E-08  0.40000000E+01  0.25000000E+02
  0.90477868E+00  0.49812951E+00  0.61163622E-09  0.40000000E+01  0.25000000E+02
  0.14576990E+01  0.11487321E+01  0.26314854E-08  0.40000000E+01  0.25000000E+02
  0.12566371E+00  0.37945285E+00 -0.26724742E-08  0.40000000E+01  0.25000000E+02
  0.37447784E+01  0.48315668E+00  0.91599911E-10  0.40000000E+01  0.25000000E+02
  0.52778757E+00  0.41393298E+00 -0.11724440E-08  0.40000000E+01  0.25000000E+02
  0.33426546E+01  0.47388531E+00 -0.24642269E-08  0.40000000E+01  0.25000000E+02
  0.29405307E+01  0.47248779E+00  0.27767627E-08  0.40000000E+01  0.25000000E+02
  0.60318579E+01  0.38539215E+00 -0.27187000E-08  0.40000000E+01  0.25000000E+02
  0.15079645E+00  0.38044596E+00 -0.21257517E-08  0.40000000E+01  0.25000000E+02
  0.92991143E+00  0.50771868E+00  0.17561332E-08  0.40000000E+01  0.25000000E+02
  0.37699112E+01  0.48554863E+00  0.13678059E-08  0.40000000E+01  0.25000000E+02
  0.58307960E+01  0.40380963E+00  0.27099402E-08  0.40000000E+01  0.25000000E+02
  0.55292031E+00  0.41740091E+00  0.84413010E-10  0.40000000E+01  0.25000000E+02
  0.33677873E+01  0.47378426E+00 -0.27697556E-08  0.40000000E+01  0.25000000E+02
  0.29656635E+01  0.47267912E+00  0.24082534E-08  0.40000000E+01  0.25000000E+02
  0.60569906E+01  0.38379853E+00 -0.22266314E-08  0.40000000E+01  0.25000000E+02
  0.17592919E+00  0.38160618E+00 -0.11934191E-08  0.40000000E+01  0.25000000E+02
  0.37950439E+01  0.48830981E+00  0.23274467E-08  0.40000000E+01  0.25000000E+02
  0.58559287E+01  0.40096092E+00  0.27025940E-08  0.40000000E+01  0.25000000E+02
  0.57805305E+00  0.42106007E+00  0.13248043E-08  0.40000000E+01  0.25000000E+02
  0.27394688E+01  0.47291140E+00 -0.10255866E-08  0.40000000E+01  0.25000000E+02
  0.29907962E+01  0.47288379E+00  0.13154942E-08  0.40000000E+01  0.25000000E+02
  0.33929201E+01  0.47368780E+00 -0.22470723E-08  0.40000000E+01  0.25000000E+02
  0.60821234E+01  0.38236844E+00 -0.13298416E-08  0.40000000E+01  0.25000000E+02
  0.98017691E+00  0.85447740E+00  0.49672052E-05  0.40000000E+01  0.25000000E+02
  0.48254863E+01  0.11475018E+01 -0.17811880E-08  0.40000000E+01  0.25000000E+02
  0.16587609E+01  0.11995932E+01 -0.11020834E-08  0.40000000E+01  0.25000000E+02
  0.20106193E+00  0.38293056E+00 -0.38080107E-10  0.40000000E+01  0.25000000E+02
  0.38201767E+01  0.49146884E+00  0.27657471E-08  0.40000000E+01  0.25000000E+02
  0.60318579E+00  0.42492775E+00  0.22826381E-08  0.40000000E+01  0.25000000E+02
  0.30159289E+01  0.47309274E+00 -0.17856823E-09  0.40000000E+01  0.25000000E+02
  0.58810614E+01  0.39827064E+00  0.21469615E-08  0.40000000E+01  0.25000000E+02
  0.27646015E+01  0.47252701E+00 -0.21748212E-08  0.40000000E+01  0.25000000E+02
  0.34180528E+01  0.47360880E+00 -0.10640944E-08  0.40000000E+01  0.25000000E+02
  0.61072561E+01  0.38110436E+00 -0.19734344E-09  0.40000000E+01  0.25000000E+02
  0.48506191E+01  0.10785109E+01 -0.25855249E-08  0.40000000E+01  0.25000000E+02
  0.22619467E+00  0.38441590E+00  0.11321333E-08  0.40000000E+01  0.25000000E+02
  0.16838937E+01  0.11373044E+01 -0.27610399E-08  0.40000000E+01  0.25000000E+02
  0.38453094E+01  0.49505530E+00  0.25946655E-08  0.40000000E+01  0.25000000E+02
  0.30410617E+01  0.47329787E+00 -0.16224681E-08  0.40000000E+01  0.25000000E+02
  0.62831853E+00  0.42902430E+00  0.27529489E-08  0.40000000E+01  0.25000000E+02
  0.34431855E+01  0.47356222E+00  0.42163980E-09  0.40000000E+01  0.25000000E+02
  0.61323889E+01  0.38000866E+00  0.96486766E-09  0.40000000E+01  0.25000000E+02
  0.27897343E+01  0.47227217E+00 -0.27495295E-08  0.40000000E+01  0.25000000E+02
  0.25132741E+00  0.38605885E+00  0.20995505E-08  0.40000000E+01  0.25000000E+02
  0.17090264E+01  0.10783835E+01 -0.91561981E-09  0.40000000E+01  0.25000000E+02
  0.48757518E+01  0.10151662E+01 -0.27980022E-09  0.40000000E+01  0.25000000E+02
  0.30661944E+01  0.47349205E+00 -0.25678471E-08  0.40000000E+01  0.25000000E+02
  0.38704421E+01  0.49910004E+00  0.18661683E-08  0.40000000E+01  0.25000000E+02
  0.65345127E+00  0.43337311E+00  0.26366778E-08  0.40000000E+01  0.25000000E+02
  0.34683183E+01  0.47356500E+00  0.17763234E-08  0.40000000E+01  0.25000000E+02
  0.61575216E+01  0.37908352E+00  0.19509290E-08  0.40000000E+01  0.25000000E+02
  0.27646015E+00  0.38785601E+00  0.26771651E-08  0.40000000E+01  0.25000000E+02
  0.17341591E+01  0.10238490E+01  0.17420885E-08  0.40000000E+01  0.25000000E+02
  0.49008845E+01  0.95795654E+00  0.21286349E-08  0.40000000E+01  0.25000000E+02
  0.30913272E+01  0.47366907E+00 -0.27334132E-08  0.40000000E+01  0.25000000E+02
  0.67858401E+00  0.43800069E+00  0.19612978E-08  0.40000000E+01  0.25000000E+02
  0.38955749E+01  0.50363548E+00  0.74171192E-09  0.40000000E+01  0.25000000E+02
  0.61826543E+01  0.37833088E+00  0.25914855E-08  0.40000000E+01  0.25000000E+02
  0.34934510E+01  0.47363596E+00  0.26192296E-08  0.40000000E+01  0.25000000E+02
  0.30159289E+00  0.38980414E+00  0.27459304E-08  0.40000000E+01  0.25000000E+02
  0.31164599E+01  0.47382363E+00 -0.20499410E-08  0.40000000E+01  0.25000000E+02
  0.17592919E+01  0.97390645E+00  0.27761231E-08  0.40000000E+01  0.25000000E+02
  0.49260173E+01  0.90661379E+00  0.27340572E-08  0.40000000E+01  0.25000000E+02
  0.62077871E+01  0.37775235E+00  0.27765921E-08  0.40000000E+01  0.25000000E+02
  0.70371675E+00  0.44293661E+00  0.87315337E-09  0.40000000E+01  0.25000000E+02
  0.35185838E+01  0.47379560E+00  0.27282594E-08  0.40000000E+01  0.25000000E+02
  0.39207076E+01  0.50869594E+00 -0.53580894E-09  0.40000000E+01  0.25000000E+02
  0.32672564E+00  0.39190026E+00  0.22816135E-08  0.40000000E+01  0.25000000E+02
  0.31415927E+01  0.47395145E+00 -0.73067724E-09  0.40000000E+01  0.25000000E+02
  0.17844246E+01  0.92839238E+00  0.17759918E-08  0.40000000E+01  0.25000000E+02
  0.49511500E+01  0.86060175E+00  0.15376862E-08  0.40000000E+01  0.25000000E+02
  0.62329198E+01  0.37734918E+00  0.24788492E-08  0.40000000E+01  0.25000000E+02
  0.72884950E+00  0.44821351E+00 -0.39578072E-09  0.40000000E+01  0.25000000E+02
  0.35437165E+01  0.47406594E+00  0.20928056E-08  0.40000000E+01  0.25000000E+02
  0.39458404E+01  0.51431802E+00 -0.16947031E-08  0.40000000E+01  0.25000000E+02
  0.35185838E+00  0.39414193E+00  0.13647696E-08  0.40000000E+01  0.25000000E+02
  0.31667254E+01  0.47404927E+00  0.81657094E-09  0.40000000E+01  0.25000000E+02
  0.18095574E+01  0.88699160E+00 -0.25825245E-09  0.40000000E+01  0.25000000E+02
  0.62580526E+01  0.37712220E+00  0.17522894E-08  0.40000000E+01  0.25000000E+02
  0.49762828E+01  0.81932736E+00 -0.42864042E-09  0.40000000E+01  0.25000000E+02
  0.75398224E+00  0.45386715E+00 -0.15784306E-08  0.40000000E+01  0.25000000E+02
  0.35688493E+01  0.47447018E+00  0.90363688E-09  0.40000000E+01  0.25000000E+02
  0.37699112E+00  0.39652745E+00  0.17003318E-09  0.40000000E+01  0.25000000E+02
  0.39709731E+01  0.52054104E+00 -0.25000139E-08  0.40000000E+01  0.25000000E+02
  0.31918581E+01  0.47411498E+00  0.21096187E-08  0.40000000E+01  0.25000000E+02
  0.18346901E+01  0.84934197E+00 -0.20491183E-08  0.40000000E+01  0.25000000E+02
  0.50014155E+01  0.78222589E+00 -0.20829955E-08  0.40000000E+01  0.25000000E+02
  0.77911498E+00  0.45993647E+00 -0.24288111E-08  0.40000000E+01  0.25000000E+02
  0.35939820E+01  0.47503254E+00 -0.50744552E-09  0.40000000E+01  0.25000000E+02
  0.18598229E+01  0.81508304E+00 -0.27744500E-08  0.40000000E+01  0.25000000E+02
  0.50265482E+01  0.74879048E+00 -0.27700739E-08  0.40000000E+01  0.25000000E+02
  0.18849556E+01  0.78387742E+00 -0.22733036E-08  0.40000000E+01  0.25000000E+02
  0.50516810E+01  0.71857816E+00 -0.23679284E-08  0.40000000E+01  0.25000000E+02
  0.19100883E+01  0.75541867E+00 -0.90070810E-09  0.40000000E+01  0.25000000E+02
  0.50768137E+01  0.69120635E+00 -0.11569381E-08  0.40000000E+01  0.25000000E+02
  0.19352211E+01  0.72943284E+00  0.74765455E-09  0.40000000E+01  0.25000000E+02
  0.51019465E+01  0.66634602E+00  0.38436250E-09  0.40000000E+01  0.25000000E+02
  0.19603538E+01  0.70567695E+00  0.20937501E-08  0.40000000E+01  0.25000000E+02
  0.51270792E+01  0.64371427E+00  0.17593157E-08  0.40000000E+01  0.25000000E+02
  0.19854866E+01  0.68393633E+00  0.27483638E-08  0.40000000E+01  0.25000000E+02
  0.40212386E+01  0.64839485E+00 -0.11142622E-07  0.50000000E+01  0.31000000E+02
  0.80424772E+00  0.58137085E+00 -0.30358170E-07  0.50000000E+01  0.31000000E+02
  0.28148670E+01  0.61123337E+00  0.80406231E-08  0.50000000E+01  0.31000000E+02
  0.32169909E+01  0.62370228E+00  0.30733169E-07  0.50000000E+01  0.31000000E+02
  0.12063716E+01  0.82544913E+00 -0.59189334E-08  0.50000000E+01  0.31000000E+02
  0.40212386E+00  0.52572961E+00  0.11531731E-07  0.50000000E+01  0.31000000E+02
  0.36191147E+01  0.60373055E+00  0.39021242E-07  0.50000000E+01  0.31000000E+02
  0.59061942E+01  0.51958223E+00  0.25602201E-07  0.50000000E+01  0.31000000E+02
  0.00000000E+00  0.48585191E+00 -0.23808649E-08  0.50000000E+01  0.31000000E+02
  0.20106193E+01  0.79336394E+00 -0.26106158E-07  0.50000000E+01  0.31000000E+02
  0.51773447E+01  0.72585072E+00  0.23207001E-07  0.50000000E+01  0.31000000E+02
  0.40463713E+01  0.65709808E+00 -0.30774817E-07  0.50000000E+01  0.31000000E+02
  0.28399998E+01  0.61286561E+00 -0.21109496E-07  0.50000000E+01  0.31000000E+02
  0.82938046E+00  0.58747471E+00 -0.41867207E-07  0.50000000E+01  0.31000000E+02
  0.36442475E+01  0.60268472E+00  0.43136262E-07  0.50000000E+01  0.31000000E+02
  0.32421236E+01  0.62362176E+00  0.67009503E-09  0.50000000E+01  0.31000000E+02
  0.12315043E+01  0.85893874E+00  0.20684031E-07  0.50000000E+01  0.31000000E+02
  0.42725660E+00  0.52933475E+00  0.35445272E-07  0.50000000E+01  0.31000000E+02
  0.59313269E+01  0.51583411E+00  0.41769657E-07  0.50000000E+01  0.31000000E+02
  0.25132741E-01  0.48613590E+00 -0.24595621E-07  0.50000000E+01  0.31000000E+02
  0.56046013E+01  0.56006318E+00 -0.34241514E-07  0.50000000E+01  0.31000000E+02
  0.40715041E+01  0.66677826E+00 -0.42092556E-07  0.50000000E+01  0.31000000E+02
  0.28651325E+01  0.61441932E+00 -0.40747671E-07  0.50000000E+01  0.31000000E+02
  0.85451320E+00  0.59431856E+00 -0.42188989E-07  0.50000000E+01  0.31000000E+02
  0.36693802E+01  0.60198927E+00  0.33268203E-07  0.50000000E+01  0.31000000E+02
  0.32672564E+01  0.62339544E+00 -0.29759212E-07  0.50000000E+01  0.31000000E+02
  0.45238934E+00  0.53279917E+00  0.43390007E-07  0.50000000E+01  0.31000000E+02
  0.59564597E+01  0.51214385E+00  0.40602556E-07  0.50000000E+01  0.31000000E+02
  0.50265482E-01  0.48677966E+00 -0.39685245E-07  0.50000000E+01  0.31000000E+02
  0.12817698E+01  0.93908467E+00  0.41658850E-07  0.50000000E+01  0.31000000E+02
  0.56297340E+01  0.55660555E+00 -0.13286176E-07  0.50000000E+01  0.31000000E+02
  0.28902652E+01  0.61585992E+00 -0.40654092E-07  0.50000000E+01  0.31000000E+02
  0.87964594E+00  0.60197460E+00 -0.31563963E-07  0.50000000E+01  0.31000000E+02
  0.40966368E+01  0.67750981E+00 -0.41783021E-07  0.50000000E+01  0.31000000E+02
  0.36945130E+01  0.60168869E+00  0.13278642E-07  0.50000000E+01  0.31000000E+02
  0.32923891E+01  0.62299531E+00 -0.43437376E-07  0.50000000E+01  0.31000000E+02
  0.47752208E+00  0.53609867E+00  0.31736249E-07  0.50000000E+01  0.31000000E+02
  0.59815924E+01  0.50856297E+00  0.23356010E-07  0.50000000E+01  0.31000000E+02
  0.75398224E-01  0.48777972E+00 -0.43121936E-07  0.50000000E+01  0.31000000E+02
  0.56548668E+01  0.55334682E+00  0.12837410E-07  0.50000000E+01  0.31000000E+02
  0.29153980E+01  0.61716317E+00 -0.19956967E-07  0.50000000E+01  0.31000000E+02
  0.90477868E+00  0.61051895E+00 -0.12928930E-07  0.50000000E+01  0.31000000E+02
  0.37196457E+01  0.60182173E+00 -0.10362068E-07  0.50000000E+01  0.31000000E+02
  0.41217696E+01  0.68937678E+00 -0.29635118E-07  0.50000000E+01  0.31000000E+02
  0.26640706E+01  0.60255628E+00 -0.33185024E-07  0.50000000E+01  0.31000000E+02
  0.33175218E+01  0.62239310E+00 -0.32833905E-07  0.50000000E+01  0.31000000E+02
  0.50265482E+00  0.53922725E+00  0.59845407E-08  0.50000000E+01  0.31000000E+02
  0.60067252E+01  0.50513898E+00 -0.25449857E-08  0.50000000E+01  0.31000000E+02
  0.10053096E+00  0.48913020E+00 -0.33629511E-07  0.50000000E+01  0.31000000E+02
  0.56799995E+01  0.55020955E+00  0.34703155E-07  0.50000000E+01  0.31000000E+02
  0.29405307E+01  0.61831651E+00  0.11322371E-07  0.50000000E+01  0.31000000E+02
  0.37447784E+01  0.60242240E+00 -0.30682264E-07  0.50000000E+01  0.31000000E+02
  0.92991143E+00  0.62003357E+00  0.89292358E-08  0.50000000E+01  0.31000000E+02
  0.41469023E+01  0.70247456E+00 -0.88067432E-08  0.50000000E+01  0.31000000E+02
  0.26892033E+01  0.60359217E+00 -0.11593180E-07  0.50000000E+01  0.31000000E+02
  0.33426546E+01  0.62156587E+00 -0.41557678E-08  0.50000000E+01  0.31000000E+02
  0.52778757E+00  0.54219801E+00 -0.22133694E-07  0.50000000E+01  0.31000000E+02
  0.60318579E+01  0.50191346E+00 -0.27079430E-07  0.50000000E+01  0.31000000E+02
  0.12566371E+00  0.49082274E+00 -0.13729668E-07  0.50000000E+01  0.31000000E+02
  0.57051323E+01  0.54712151E+00  0.43491875E-07  0.50000000E+01  0.31000000E+02
  0.37699112E+01  0.60352106E+00 -0.42116622E-07  0.50000000E+01  0.31000000E+02
  0.29656635E+01  0.61931952E+00  0.36845669E-07  0.50000000E+01  0.31000000E+02
  0.95504417E+00  0.63060821E+00  0.28511554E-07  0.50000000E+01  0.31000000E+02
  0.27143361E+01  0.60486779E+00  0.14635796E-07  0.50000000E+01  0.31000000E+02
  0.41720350E+01  0.71691178E+00  0.14850175E-07  0.50000000E+01  0.31000000E+02
  0.33677873E+01  0.62050164E+00  0.26561065E-07  0.50000000E+01  0.31000000E+02
  0.55292031E+00  0.54504258E+00 -0.40462176E-07  0.50000000E+01  0.31000000E+02
  0.60569906E+01  0.49892142E+00 -0.41591892E-07  0.50000000E+01  0.31000000E+02
  0.15079645E+00  0.49284630E+00  0.10723121E-07  0.50000000E+01  0.31000000E+02
  0.57302650E+01  0.54401928E+00  0.34865951E-07  0.50000000E+01  0.31000000E+02
  0.37950439E+01  0.60514578E+00 -0.41816183E-07  0.50000000E+01  0.31000000E+02
  0.29907962E+01  0.62018221E+00  0.42687480E-07  0.50000000E+01  0.31000000E+02
  0.27394688E+01  0.60632697E+00  0.35925608E-07  0.50000000E+01  0.31000000E+02
  0.98017691E+00  0.64234258E+00  0.40903668E-07  0.50000000E+01  0.31000000E+02
  0.41971678E+01  0.73281266E+00  0.34297691E-07  0.50000000E+01  0.31000000E+02
  0.33929201E+01  0.61920321E+00  0.42857674E-07  0.50000000E+01  0.31000000E+02
  0.57805305E+00  0.54780948E+00 -0.41873859E-07  0.50000000E+01  0.31000000E+02
  0.60821234E+01  0.49619164E+00 -0.41615003E-07  0.50000000E+01  0.31000000E+02
  0.17592919E+00  0.49518678E+00  0.32040939E-07  0.50000000E+01  0.31000000E+02
  0.57553977E+01  0.54085164E+00  0.11571680E-07  0.50000000E+01  0.31000000E+02
  0.38201767E+01  0.60732353E+00 -0.30165567E-07  0.50000000E+01  0.31000000E+02
  0.27646015E+01  0.60791197E+00  0.43447348E-07  0.50000000E+01  0.31000000E+02
  0.30159289E+01  0.62092141E+00  0.25331190E-07  0.50000000E+01  0.31000000E+02
  0.10053096E+01  0.65534863E+00  0.42905791E-07  0.50000000E+01  0.31000000E+02
  0.34180528E+01  0.61768933E+00  0.36842986E-07  0.50000000E+01  0.31000000E+02
  0.60318579E+00  0.55056129E+00 -0.26749716E-07  0.50000000E+01  0.31000000E+02
  0.61072561E+01  0.49374751E+00 -0.27837398E-07  0.50000000E+01  0.31000000E+02
  0.42223005E+01  0.75031954E+00  0.43302638E-07  0.50000000E+01  0.31000000E+02
  0.20106193E+00  0.49782648E+00  0.42979192E-07  0.50000000E+01  0.31000000E+02
  0.57805305E+01  0.53758217E+00 -0.16930992E-07  0.50000000E+01  0.31000000E+02
  0.38453094E+01  0.61008143E+00 -0.10492620E-07  0.50000000E+01  0.31000000E+02
  0.27897343E+01  0.60956559E+00  0.33054930E-07  0.50000000E+01  0.31000000E+02
  0.30410617E+01  0.62155588E+00 -0.59646648E-08  0.50000000E+01  0.31000000E+02
  0.10304424E+01  0.66975332E+00  0.33815771E-07  0.50000000E+01  0.31000000E+02
  0.34431855E+01  0.61599351E+00  0.12588191E-07  0.50000000E+01  0.31000000E+02
  0.62831853E+00  0.55337100E+00 -0.18507733E-08  0.50000000E+01  0.31000000E+02
  0.61323889E+01  0.49160805E+00 -0.52927893E-08  0.50000000E+01  0.31000000E+02
  0.22619467E+00  0.50074322E+00  0.39229535E-07  0.50000000E+01  0.31000000E+02
  0.58056632E+01  0.53419087E+00 -0.38247969E-07  0.50000000E+01  0.31000000E+02
  0.38704421E+01  0.61344787E+00  0.11894303E-07  0.50000000E+01  0.31000000E+02
  0.30661944E+01  0.62210166E+00 -0.34041752E-07  0.50000000E+01  0.31000000E+02
  0.10555751E+01  0.68570174E+00  0.15703293E-07  0.50000000E+01  0.31000000E+02
  0.34683183E+01  0.61416157E+00 -0.17241629E-07  0.50000000E+01  0.31000000E+02
  0.65345127E+00  0.55631801E+00  0.23182798E-07  0.50000000E+01  0.31000000E+02
  0.61575216E+01  0.48978875E+00  0.18637652E-07  0.50000000E+01  0.31000000E+02
  0.25132741E+00  0.50390931E+00  0.21330838E-07  0.50000000E+01  0.31000000E+02
  0.38955749E+01  0.61745346E+00  0.31090887E-07  0.50000000E+01  0.31000000E+02
  0.58307960E+01  0.53067467E+00 -0.42775727E-07  0.50000000E+01  0.31000000E+02
  0.30913272E+01  0.62256916E+00 -0.43308340E-07  0.50000000E+01  0.31000000E+02
  0.10807079E+01  0.70336101E+00 -0.69094131E-08  0.50000000E+01  0.31000000E+02
  0.34934510E+01  0.61224885E+00 -0.38602699E-07  0.50000000E+01  0.31000000E+02
  0.67858401E+00  0.55948432E+00  0.39735098E-07  0.50000000E+01  0.31000000E+02
  0.61826543E+01  0.48830219E+00  0.36625735E-07  0.50000000E+01  0.31000000E+02
  0.39207076E+01  0.62213193E+00  0.42081535E-07  0.50000000E+01  0.31000000E+02
  0.27646015E+00  0.50729039E+00 -0.48444515E-08  0.50000000E+01  0.31000000E+02
  0.58559287E+01  0.52704697E+00 -0.28415559E-07  0.50000000E+01  0.31000000E+02
  0.31164599E+01  0.62296236E+00 -0.28493302E-07  0.50000000E+01  0.31000000E+02
  0.11058406E+01  0.72292511E+00 -0.27960613E-07  0.50000000E+01  0.31000000E+02
  0.35185838E+01  0.61031747E+00 -0.42722112E-07  0.50000000E+01  0.31000000E+02
  0.70371675E+00  0.56295160E+00  0.42955311E-07  0.50000000E+01  0.31000000E+02
  0.62077871E+01  0.48715849E+00  0.43485092E-07  0.50000000E+01  0.31000000E+02
  0.39458404E+01  0.62752077E+00  0.41988248E-07  0.50000000E+01  0.31000000E+02
  0.30159289E+00  0.51084463E+00 -0.29600429E-07  0.50000000E+01  0.31000000E+02
  0.58810614E+01  0.52333604E+00 -0.16611258E-08  0.50000000E+01  0.31000000E+02
  0.31415927E+01  0.62327973E+00  0.22548719E-08  0.50000000E+01  0.31000000E+02
  0.11309734E+01  0.74462100E+00 -0.41260571E-07  0.50000000E+01  0.31000000E+02
  0.72884950E+00  0.56679919E+00  0.32699319E-07  0.50000000E+01  0.31000000E+02
  0.35437165E+01  0.60843357E+00 -0.29104782E-07  0.50000000E+01  0.31000000E+02
  0.62329198E+01  0.48636549E+00  0.37460369E-07  0.50000000E+01  0.31000000E+02
  0.39709731E+01  0.63366196E+00  0.30797640E-07  0.50000000E+01  0.31000000E+02
  0.32672564E+00  0.51452264E+00 -0.42843561E-07  0.50000000E+01  0.31000000E+02
  0.31667254E+01  0.62351560E+00  0.31778276E-07  0.50000000E+01  0.31000000E+02
  0.11561061E+01  0.76871659E+00 -0.42191537E-07  0.50000000E+01  0.31000000E+02
  0.75398224E+00  0.57110327E+00  0.12844139E-07  0.50000000E+01  0.31000000E+02
  0.39961059E+01  0.64060245E+00  0.11391322E-07  0.50000000E+01  0.31000000E+02
  0.35688493E+01  0.60666447E+00 -0.43948973E-08  0.50000000E+01  0.31000000E+02
  0.62580526E+01  0.48592883E+00  0.20508702E-07  0.50000000E+01  0.31000000E+02
  0.35185838E+00  0.51826871E+00 -0.38403232E-07  0.50000000E+01  0.31000000E+02
  0.11812388E+01  0.79553115E+00 -0.29395475E-07  0.50000000E+01  0.31000000E+02
  0.31918581E+01  0.62366082E+00  0.43484592E-07  0.50000000E+01  0.31000000E+02
  0.77911498E+00  0.57593691E+00 -0.10375924E-07  0.50000000E+01  0.31000000E+02
  0.35939820E+01  0.60507608E+00  0.21381752E-07  0.50000000E+01  0.31000000E+02
  0.37699112E+00  0.52202373E+00 -0.17372301E-07  0.50000000E+01  0.31000000E+02
  0.49260173E+01  0.11082721E+01  0.38341763E-07  0.50000000E+01  0.31000000E+02
  0.49511500E+01  0.10449511E+01  0.82125433E-08  0.50000000E+01  0.31000000E+02
  0.49762828E+01  0.98997469E+00 -0.25409979E-07  0.50000000E+01  0.31000000E+02
  0.50014155E+01  0.94186048E+00 -0.42693362E-07  0.50000000E+01  0.31000000E+02
  0.17844246E+01  0.11212811E+01 -0.22833705E-07  0.50000000E+01  0.31000000E+02
  0.50265482E+01  0.89946469E+00 -0.37857671E-07  0.50000000E+01  0.31000000E+02
  0.18095574E+01  0.10669441E+01 -0.42889457E-07  0.50000000E+01  0.31000000E+02
  0.50516810E+01  0.86189316E+00 -0.16422171E-07  0.50000000E+01  0.31000000E+02
  0.18346901E+01  0.10186224E+01 -0.35064283E-07  0.50000000E+01  0.31000000E+02
  0.51019465E+01  0.11449903E+01 -0.52795808E-04  0.50000000E+01  0.31000000E+02
  0.18598229E+01  0.97546789E+00 -0.77936794E-08  0.50000000E+01  0.31000000E+02
  0.18849556E+01  0.93678523E+00  0.22431376E-07  0.50000000E+01  0.31000000E+02
  0.19352211E+01  0.87063780E+00  0.41138784E-07  0.50000000E+01  0.31000000E+02
  0.19603538E+01  0.84229533E+00  0.24376346E-07  0.50000000E+01  0.31000000E+02
  0.19854866E+01  0.81663402E+00 -0.14020124E-08  0.50000000E+01  0.31000000E+02
