 Theta Psi Nu P Q
  0.16336282E+00  0.96426711E+00 -0.15678889E-02  0.20000000E+01  0.13000000E+02
  0.16084954E+01  0.70995678E+00  0.70380751E-09  0.30000000E+01  0.19000000E+02
  0.47249554E+01  0.71315560E+00 -0.49283241E-09  0.30000000E+01  0.19000000E+02
  0.43353979E+01  0.47019507E+00 -0.59175694E-09  0.30000000E+01  0.19000000E+02
  0.12063716E+01  0.44827506E+00  0.31956439E-10  0.30000000E+01  0.19000000E+02
  0.40212386E+00  0.23651670E+00  0.69377469E-09  0.30000000E+01  0.19000000E+02
  0.35562829E+01  0.28012957E+00 -0.80841379E-09  0.30000000E+01  0.19000000E+02
  0.19980529E+01  0.44309344E+00 -0.28490327E-09  0.30000000E+01  0.19000000E+02
  0.51145128E+01  0.42642325E+00 -0.96268398E-09  0.30000000E+01  0.19000000E+02
  0.23876104E+01  0.31848102E+00  0.13356364E-09  0.30000000E+01  0.19000000E+02
  0.27771679E+01  0.27700945E+00 -0.26992090E-09  0.30000000E+01  0.19000000E+02
  0.16210618E+01  0.70526550E+00  0.98753229E-09  0.30000000E+01  0.19000000E+02
  0.47375217E+01  0.71026976E+00  0.51068976E-10  0.30000000E+01  0.19000000E+02
  0.39458404E+01  0.32781574E+00 -0.98353784E-09  0.30000000E+01  0.19000000E+02
  0.55040703E+01  0.28701430E+00 -0.97759688E-09  0.30000000E+01  0.19000000E+02
  0.43479642E+01  0.47764621E+00 -0.34168648E-09  0.30000000E+01  0.19000000E+02
  0.12189379E+01  0.45635165E+00  0.29873739E-09  0.30000000E+01  0.19000000E+02
  0.00000000E+00  0.22184364E+00  0.84673094E-09  0.30000000E+01  0.19000000E+02
  0.16336282E+01  0.69935728E+00  0.99663050E-09  0.30000000E+01  0.19000000E+02
  0.47500881E+01  0.70589077E+00  0.57558031E-09  0.30000000E+01  0.19000000E+02
  0.41469023E+00  0.23750091E+00  0.80260330E-09  0.30000000E+01  0.19000000E+02
  0.35688493E+01  0.28091461E+00 -0.67438719E-09  0.30000000E+01  0.19000000E+02
  0.24001768E+01  0.31624800E+00  0.32732153E-09  0.30000000E+01  0.19000000E+02
  0.51270792E+01  0.41935133E+00 -0.84733084E-09  0.30000000E+01  0.19000000E+02
  0.20106193E+01  0.43676729E+00 -0.29304085E-10  0.30000000E+01  0.19000000E+02
  0.27897343E+01  0.27638333E+00 -0.77797935E-10  0.30000000E+01  0.19000000E+02
  0.43605306E+01  0.48533113E+00 -0.60430772E-10  0.30000000E+01  0.19000000E+02
  0.12315043E+01  0.46470052E+00  0.54994408E-09  0.30000000E+01  0.19000000E+02
  0.16461946E+01  0.69238791E+00  0.74411136E-09  0.30000000E+01  0.19000000E+02
  0.47626545E+01  0.70011636E+00  0.93011698E-09  0.30000000E+01  0.19000000E+02
  0.39584067E+01  0.33045221E+00 -0.90623706E-09  0.30000000E+01  0.19000000E+02
  0.42725660E+00  0.23852277E+00  0.89228825E-09  0.30000000E+01  0.19000000E+02
  0.24127432E+01  0.31409236E+00  0.50828383E-09  0.30000000E+01  0.19000000E+02
  0.35814156E+01  0.28173610E+00 -0.51630740E-09  0.30000000E+01  0.19000000E+02
  0.51396456E+01  0.41251310E+00 -0.68503489E-09  0.30000000E+01  0.19000000E+02
  0.20231857E+01  0.43064302E+00  0.22431114E-09  0.30000000E+01  0.19000000E+02
  0.16587609E+01  0.68451811E+00  0.31083745E-09  0.30000000E+01  0.19000000E+02
  0.47752208E+01  0.69307684E+00  0.10234238E-08  0.30000000E+01  0.19000000E+02
  0.28023006E+01  0.27578882E+00  0.11697642E-09  0.30000000E+01  0.19000000E+02
  0.43730970E+01  0.49325314E+00  0.23125930E-09  0.30000000E+01  0.19000000E+02
  0.12440707E+01  0.47332778E+00  0.76564931E-09  0.30000000E+01  0.19000000E+02
  0.16713273E+01  0.67590574E+00 -0.18596108E-09  0.30000000E+01  0.19000000E+02
  0.47877872E+01  0.68492518E+00  0.84511328E-09  0.30000000E+01  0.19000000E+02
  0.35939820E+01  0.28259518E+00 -0.33986486E-09  0.30000000E+01  0.19000000E+02
  0.51522120E+01  0.40590108E+00 -0.48729788E-09  0.30000000E+01  0.19000000E+02
  0.20357520E+01  0.42471505E+00  0.46080591E-09  0.30000000E+01  0.19000000E+02
  0.43856633E+01  0.50141468E+00  0.50956961E-09  0.30000000E+01  0.19000000E+02
  0.12566371E+01  0.48223864E+00  0.92634100E-09  0.30000000E+01  0.19000000E+02
  0.39709731E+01  0.33318234E+00 -0.79321079E-09  0.30000000E+01  0.19000000E+02
  0.43982297E+00  0.23958307E+00  0.96046420E-09  0.30000000E+01  0.19000000E+02
  0.24253095E+01  0.31201186E+00  0.66986398E-09  0.30000000E+01  0.19000000E+02
  0.28148670E+01  0.27522498E+00  0.30787788E-09  0.30000000E+01  0.19000000E+02
  0.48003536E+01  0.67582671E+00  0.45848934E-09  0.30000000E+01  0.19000000E+02
  0.16838937E+01  0.66669995E+00 -0.62811802E-09  0.30000000E+01  0.19000000E+02
  0.43982297E+01  0.50981707E+00  0.74926500E-09  0.30000000E+01  0.19000000E+02
  0.12692034E+01  0.49143715E+00  0.10146463E-08  0.30000000E+01  0.19000000E+02
  0.48129199E+01  0.66594948E+00 -0.27588474E-10  0.30000000E+01  0.19000000E+02
  0.16964600E+01  0.65703748E+00 -0.92465883E-09  0.30000000E+01  0.19000000E+02
  0.36065484E+01  0.28349304E+00 -0.15138812E-09  0.30000000E+01  0.19000000E+02
  0.20483184E+01  0.41897778E+00  0.66710407E-09  0.30000000E+01  0.19000000E+02
  0.51647783E+01  0.39950777E+00 -0.26655303E-09  0.30000000E+01  0.19000000E+02
  0.28274334E+01  0.27469095E+00  0.48787398E-09  0.30000000E+01  0.19000000E+02
  0.45238934E+00  0.24068260E+00  0.10055106E-08  0.30000000E+01  0.19000000E+02
  0.24378759E+01  0.31000430E+00  0.80633269E-09  0.30000000E+01  0.19000000E+02
  0.48254863E+01  0.65545641E+00 -0.49418376E-09  0.30000000E+01  0.19000000E+02
  0.17090264E+01  0.64704061E+00 -0.10273044E-08  0.30000000E+01  0.19000000E+02
  0.44107961E+01  0.51846026E+00  0.92580326E-09  0.30000000E+01  0.19000000E+02
  0.12817698E+01  0.50092580E+00  0.10173141E-08  0.30000000E+01  0.19000000E+02
  0.36191147E+01  0.28443092E+00  0.42398620E-10  0.30000000E+01  0.19000000E+02
  0.20608848E+01  0.41342566E+00  0.83272156E-09  0.30000000E+01  0.19000000E+02
  0.51773447E+01  0.39332583E+00 -0.35418170E-10  0.30000000E+01  0.19000000E+02
  0.48380527E+01  0.64449951E+00 -0.84279321E-09  0.30000000E+01  0.19000000E+02
  0.17215928E+01  0.63681642E+00 -0.93260693E-09  0.30000000E+01  0.19000000E+02
  0.28399998E+01  0.27418585E+00  0.65035189E-09  0.30000000E+01  0.19000000E+02
  0.46495571E+00  0.24182222E+00  0.10262947E-08  0.30000000E+01  0.19000000E+02
  0.44233625E+01  0.52734251E+00  0.10178560E-08  0.30000000E+01  0.19000000E+02
  0.12943362E+01  0.51070509E+00  0.92726164E-09  0.30000000E+01  0.19000000E+02
  0.24504423E+01  0.30806758E+00  0.91289589E-09  0.30000000E+01  0.19000000E+02
  0.17341591E+01  0.62645715E+00 -0.67428997E-09  0.30000000E+01  0.19000000E+02
  0.48506191E+01  0.63321620E+00 -0.10137026E-08  0.30000000E+01  0.19000000E+02
  0.20734512E+01  0.40805319E+00  0.95008745E-09  0.30000000E+01  0.19000000E+02
  0.36316811E+01  0.28541005E+00  0.23462393E-09  0.30000000E+01  0.19000000E+02
  0.51899111E+01  0.38734798E+00  0.19395526E-09  0.30000000E+01  0.19000000E+02
  0.28525661E+01  0.27370884E+00  0.78945300E-09  0.30000000E+01  0.19000000E+02
  0.48631854E+01  0.62172743E+00 -0.99099601E-09  0.30000000E+01  0.19000000E+02
  0.17467255E+01  0.61604098E+00 -0.30992968E-09  0.30000000E+01  0.19000000E+02
  0.44359288E+01  0.53645997E+00  0.10100704E-08  0.30000000E+01  0.19000000E+02
  0.13069025E+01  0.52077296E+00  0.74554434E-09  0.30000000E+01  0.19000000E+02
  0.47752208E+00  0.24300281E+00  0.10216374E-08  0.30000000E+01  0.19000000E+02
  0.24630086E+01  0.30619966E+00  0.98588865E-09  0.30000000E+01  0.19000000E+02
  0.48757518E+01  0.61013727E+00 -0.79633159E-09  0.30000000E+01  0.19000000E+02
  0.17592919E+01  0.60563335E+00  0.93338723E-10  0.30000000E+01  0.19000000E+02
  0.20860175E+01  0.40285494E+00  0.10146788E-08  0.30000000E+01  0.19000000E+02
  0.52024774E+01  0.38156716E+00  0.41042183E-09  0.30000000E+01  0.19000000E+02
  0.44484952E+01  0.54580623E+00  0.89582562E-09  0.30000000E+01  0.19000000E+02
  0.13194689E+01  0.53112418E+00  0.48292927E-09  0.30000000E+01  0.19000000E+02
  0.36442475E+01  0.28643174E+00  0.41836168E-09  0.30000000E+01  0.19000000E+02
  0.28651325E+01  0.27325912E+00  0.89988669E-09  0.30000000E+01  0.19000000E+02
  0.49008845E+00  0.24422530E+00  0.99170809E-09  0.30000000E+01  0.19000000E+02
  0.48883182E+01  0.59853344E+00 -0.47809232E-09  0.30000000E+01  0.19000000E+02
  0.17718583E+01  0.59528828E+00  0.47156711E-09  0.30000000E+01  0.19000000E+02
  0.44610616E+01  0.55537178E+00  0.67962381E-09  0.30000000E+01  0.19000000E+02
  0.13320353E+01  0.54174950E+00  0.16077533E-09  0.30000000E+01  0.19000000E+02
  0.20985839E+01  0.39782559E+00  0.10249906E-08  0.30000000E+01  0.19000000E+02
  0.52150438E+01  0.37597645E+00  0.60426310E-09  0.30000000E+01  0.19000000E+02
  0.49008845E+01  0.58698856E+00 -0.96772384E-10  0.30000000E+01  0.19000000E+02
  0.17844246E+01  0.58504985E+00  0.77293611E-09  0.30000000E+01  0.19000000E+02
  0.32169909E+01  0.26935104E+00  0.19657367E-09  0.30000000E+01  0.19000000E+02
  0.36568138E+01  0.28749730E+00  0.58719449E-09  0.30000000E+01  0.19000000E+02
  0.28776989E+01  0.27283590E+00  0.97771123E-09  0.30000000E+01  0.19000000E+02
  0.50265482E+00  0.24549066E+00  0.93717713E-09  0.30000000E+01  0.19000000E+02
  0.44736279E+01  0.56514334E+00  0.37869493E-09  0.30000000E+01  0.19000000E+02
  0.13446017E+01  0.55263474E+00 -0.18922520E-09  0.30000000E+01  0.19000000E+02
  0.49134509E+01  0.57556165E+00  0.28639111E-09  0.30000000E+01  0.19000000E+02
  0.17969910E+01  0.57495352E+00  0.96360142E-09  0.30000000E+01  0.19000000E+02
  0.21111503E+01  0.39295994E+00  0.98236112E-09  0.30000000E+01  0.19000000E+02
  0.52276102E+01  0.37056914E+00  0.76748111E-09  0.30000000E+01  0.19000000E+02
  0.32295572E+01  0.26947276E+00  0.38661770E-09  0.30000000E+01  0.19000000E+02
  0.44861943E+01  0.57510313E+00  0.23467069E-10  0.30000000E+01  0.19000000E+02
  0.13571680E+01  0.56375967E+00 -0.52654575E-09  0.30000000E+01  0.19000000E+02
  0.49260173E+01  0.56429981E+00  0.62005713E-09  0.30000000E+01  0.19000000E+02
  0.36693802E+01  0.28860811E+00  0.73510505E-09  0.30000000E+01  0.19000000E+02
  0.18095574E+01  0.56502741E+00  0.10276382E-08  0.30000000E+01  0.19000000E+02
  0.51522120E+00  0.24679991E+00  0.85910234E-09  0.30000000E+01  0.19000000E+02
  0.44987607E+01  0.58522797E+00 -0.34463738E-09  0.30000000E+01  0.19000000E+02
  0.13697344E+01  0.57509672E+00 -0.80660077E-09  0.30000000E+01  0.19000000E+02
  0.21237166E+01  0.38825290E+00  0.89067577E-09  0.30000000E+01  0.19000000E+02
  0.52401765E+01  0.36533871E+00  0.89399151E-09  0.30000000E+01  0.19000000E+02
  0.32421236E+01  0.26961195E+00  0.56271176E-09  0.30000000E+01  0.19000000E+02
  0.49385837E+01  0.55323991E+00  0.86554789E-09  0.30000000E+01  0.19000000E+02
  0.18221237E+01  0.55529340E+00  0.96721995E-09  0.30000000E+01  0.19000000E+02
  0.45113271E+01  0.59548833E+00 -0.67551904E-09  0.30000000E+01  0.19000000E+02
  0.13823008E+01  0.58660948E+00 -0.98417545E-09  0.30000000E+01  0.19000000E+02
  0.36819466E+01  0.28976556E+00  0.85684988E-09  0.30000000E+01  0.19000000E+02
  0.52527429E+01  0.36027887E+00  0.97985148E-09  0.30000000E+01  0.19000000E+02
  0.21362830E+01  0.38369951E+00  0.75599390E-09  0.30000000E+01  0.19000000E+02
  0.49511500E+01  0.54241014E+00  0.10014342E-08  0.30000000E+01  0.19000000E+02
  0.45238934E+01  0.60584714E+00 -0.91752182E-09  0.30000000E+01  0.19000000E+02
  0.13948671E+01  0.59825106E+00 -0.10226468E-08  0.30000000E+01  0.19000000E+02
  0.32546900E+01  0.26976884E+00  0.71770059E-09  0.30000000E+01  0.19000000E+02
  0.18346901E+01  0.54576817E+00  0.79856327E-09  0.30000000E+01  0.19000000E+02
  0.45364598E+01  0.61625864E+00 -0.10251427E-08  0.30000000E+01  0.19000000E+02
  0.52653093E+01  0.35538353E+00  0.10224840E-08  0.30000000E+01  0.19000000E+02
  0.14074335E+01  0.60996236E+00 -0.90168822E-09  0.30000000E+01  0.19000000E+02
  0.36945130E+01  0.29097109E+00  0.94810628E-09  0.30000000E+01  0.19000000E+02
  0.49637164E+01  0.53183141E+00  0.10217521E-08  0.30000000E+01  0.19000000E+02
  0.21488494E+01  0.37929496E+00  0.58609831E-09  0.30000000E+01  0.19000000E+02
  0.18472565E+01  0.53646403E+00  0.54784097E-09  0.30000000E+01  0.19000000E+02
  0.45490262E+01  0.62666699E+00 -0.96834507E-09  0.30000000E+01  0.19000000E+02
  0.32672564E+01  0.26994373E+00  0.84578572E-09  0.30000000E+01  0.19000000E+02
  0.14199999E+01  0.62167021E+00 -0.62493283E-09  0.30000000E+01  0.19000000E+02
  0.49762828E+01  0.52151864E+00  0.93395209E-09  0.30000000E+01  0.19000000E+02
  0.52778757E+01  0.35064682E+00  0.10221349E-08  0.30000000E+01  0.19000000E+02
  0.45615925E+01  0.63700502E+00 -0.74228022E-09  0.30000000E+01  0.19000000E+02
  0.14325663E+01  0.63328571E+00 -0.22784524E-09  0.30000000E+01  0.19000000E+02
  0.18598229E+01  0.52738966E+00  0.24674017E-09  0.30000000E+01  0.19000000E+02
  0.21614157E+01  0.37503457E+00  0.39002937E-09  0.30000000E+01  0.19000000E+02
  0.37070793E+01  0.29222619E+00  0.10056185E-08  0.30000000E+01  0.19000000E+02
  0.32798227E+01  0.27013692E+00  0.94221046E-09  0.30000000E+01  0.19000000E+02
  0.45741589E+01  0.64719288E+00 -0.37302851E-09  0.30000000E+01  0.19000000E+02
  0.14451326E+01  0.64470289E+00  0.22612677E-09  0.30000000E+01  0.19000000E+02
  0.49888491E+01  0.51148177E+00  0.75555605E-09  0.30000000E+01  0.19000000E+02
  0.18723892E+01  0.51855079E+00 -0.71686990E-10  0.30000000E+01  0.19000000E+02
  0.52904420E+01  0.34606309E+00  0.98017651E-09  0.30000000E+01  0.19000000E+02
  0.21739821E+01  0.37091380E+00  0.17759234E-09  0.30000000E+01  0.19000000E+02
  0.45867253E+01  0.65713703E+00  0.79600514E-10  0.30000000E+01  0.19000000E+02
  0.14576990E+01  0.65579796E+00  0.64797434E-09  0.30000000E+01  0.19000000E+02
  0.32923891E+01  0.27034879E+00  0.10034219E-08  0.30000000E+01  0.19000000E+02
  0.37196457E+01  0.29353237E+00  0.10273164E-08  0.30000000E+01  0.19000000E+02
  0.50014155E+01  0.50172678E+00  0.51059108E-09  0.30000000E+01  0.19000000E+02
  0.18849556E+01  0.50995066E+00 -0.37638791E-09  0.30000000E+01  0.19000000E+02
  0.45992916E+01  0.66672954E+00  0.52842835E-09  0.30000000E+01  0.19000000E+02
  0.14702654E+01  0.66642971E+00  0.94111116E-09  0.30000000E+01  0.19000000E+02
  0.53030084E+01  0.34162690E+00  0.89968412E-09  0.30000000E+01  0.19000000E+02
  0.21865485E+01  0.36692826E+00 -0.41112666E-10  0.30000000E+01  0.19000000E+02
  0.33049555E+01  0.27057973E+00  0.10273910E-08  0.30000000E+01  0.19000000E+02
  0.50139819E+01  0.49225638E+00  0.22611255E-09  0.30000000E+01  0.19000000E+02
  0.46118580E+01  0.67584813E+00  0.87356704E-09  0.30000000E+01  0.19000000E+02
  0.14828317E+01  0.67644130E+00  0.10243830E-08  0.30000000E+01  0.19000000E+02
  0.18975220E+01  0.50159056E+00 -0.64097878E-09  0.30000000E+01  0.19000000E+02
  0.37322121E+01  0.29489121E+00  0.10123810E-08  0.30000000E+01  0.19000000E+02
  0.53155748E+01  0.33733301E+00  0.78503506E-09  0.30000000E+01  0.19000000E+02
  0.33175218E+01  0.27083018E+00  0.10127664E-08  0.30000000E+01  0.19000000E+02
  0.46244244E+01  0.68435711E+00  0.10252171E-08  0.30000000E+01  0.19000000E+02
  0.21991149E+01  0.36307369E+00 -0.25615387E-09  0.30000000E+01  0.19000000E+02
  0.14953981E+01  0.68566413E+00  0.85848248E-09  0.30000000E+01  0.19000000E+02
  0.50265482E+01  0.48307071E+00 -0.70610795E-10  0.30000000E+01  0.19000000E+02
  0.19100883E+01  0.49347013E+00 -0.84500632E-09  0.30000000E+01  0.19000000E+02
  0.46369908E+01  0.69210970E+00  0.93023355E-09  0.30000000E+01  0.19000000E+02
  0.15079645E+01  0.69392386E+00  0.46685064E-09  0.30000000E+01  0.19000000E+02
  0.33300882E+01  0.27110061E+00  0.96064688E-09  0.30000000E+01  0.19000000E+02
  0.37447784E+01  0.29630430E+00  0.96128188E-09  0.30000000E+01  0.19000000E+02
  0.53281411E+01  0.33317639E+00  0.64165807E-09  0.30000000E+01  0.19000000E+02
  0.22116812E+01  0.35934598E+00 -0.45816241E-09  0.30000000E+01  0.19000000E+02
  0.46495571E+01  0.69895197E+00  0.59479705E-09  0.30000000E+01  0.19000000E+02
  0.50391146E+01  0.47416786E+00 -0.35461421E-09  0.30000000E+01  0.19000000E+02
  0.15205308E+01  0.70104886E+00 -0.59002031E-10  0.30000000E+01  0.19000000E+02
  0.19226547E+01  0.48558773E+00 -0.97558113E-09  0.30000000E+01  0.19000000E+02
  0.33426546E+01  0.27139152E+00  0.87294679E-09  0.30000000E+01  0.19000000E+02
  0.53407075E+01  0.32915221E+00  0.47573189E-09  0.30000000E+01  0.19000000E+02
  0.46621235E+01  0.70472869E+00  0.93639201E-10  0.30000000E+01  0.19000000E+02
  0.15330972E+01  0.70688048E+00 -0.57708583E-09  0.30000000E+01  0.19000000E+02
  0.37573448E+01  0.29777332E+00  0.87575565E-09  0.30000000E+01  0.19000000E+02
  0.22242476E+01  0.35574114E+00 -0.63869584E-09  0.30000000E+01  0.19000000E+02
  0.50516810E+01  0.46554434E+00 -0.60476826E-09  0.30000000E+01  0.19000000E+02
  0.33552210E+01  0.27170346E+00  0.75298515E-09  0.30000000E+01  0.19000000E+02
  0.19352211E+01  0.47794066E+00 -0.10265785E-08  0.30000000E+01  0.19000000E+02
  0.46746899E+01  0.70929095E+00 -0.44181323E-09  0.30000000E+01  0.19000000E+02
  0.15456636E+01  0.71128416E+00 -0.93481739E-09  0.30000000E+01  0.19000000E+02
  0.53532739E+01  0.32525583E+00  0.29407666E-09  0.30000000E+01  0.19000000E+02
  0.22368140E+01  0.35225535E+00 -0.79053079E-09  0.30000000E+01  0.19000000E+02
  0.46872562E+01  0.71250525E+00 -0.85789866E-09  0.30000000E+01  0.19000000E+02
  0.37699112E+01  0.29929996E+00  0.75877015E-09  0.30000000E+01  0.19000000E+02
  0.15582300E+01  0.71416002E+00 -0.10195446E-08  0.30000000E+01  0.19000000E+02
  0.33677873E+01  0.27203702E+00  0.60528217E-09  0.30000000E+01  0.19000000E+02
  0.50642474E+01  0.45719542E+00 -0.80483231E-09  0.30000000E+01  0.19000000E+02
  0.19477874E+01  0.47052542E+00 -0.99861374E-09  0.30000000E+01  0.19000000E+02
  0.40840704E+01  0.36249260E+00  0.83790309E-09  0.30000000E+01  0.19000000E+02
  0.46998226E+01  0.71426327E+00 -0.10269496E-08  0.30000000E+01  0.19000000E+02
  0.15707963E+01  0.71545121E+00 -0.80038464E-09  0.30000000E+01  0.19000000E+02
  0.33803537E+01  0.27239279E+00  0.43536938E-09  0.30000000E+01  0.19000000E+02
  0.22493803E+01  0.34888488E+00 -0.90788800E-09  0.30000000E+01  0.19000000E+02
  0.53658403E+01  0.32148279E+00  0.10351597E-09  0.30000000E+01  0.19000000E+02
  0.50768137E+01  0.44911543E+00 -0.94388257E-09  0.30000000E+01  0.19000000E+02
  0.47123890E+01  0.71449094E+00 -0.89263811E-09  0.30000000E+01  0.19000000E+02
  0.15833627E+01  0.71514840E+00 -0.34241996E-09  0.30000000E+01  0.19000000E+02
  0.19603538E+01  0.46333787E+00 -0.89803970E-09  0.30000000E+01  0.19000000E+02
  0.40966368E+01  0.36634064E+00  0.94395994E-09  0.30000000E+01  0.19000000E+02
  0.33929201E+01  0.27277144E+00  0.24957292E-09  0.30000000E+01  0.19000000E+02
  0.15959291E+01  0.71328984E+00  0.21447515E-09  0.30000000E+01  0.19000000E+02
  0.22619467E+01  0.34562615E+00 -0.98658914E-09  0.30000000E+01  0.19000000E+02
  0.50893801E+01  0.44129802E+00 -0.10162955E-08  0.30000000E+01  0.19000000E+02
  0.53784066E+01  0.31782883E+00 -0.88974244E-10  0.30000000E+01  0.19000000E+02
  0.19729202E+01  0.45637340E+00 -0.73577573E-09  0.30000000E+01  0.19000000E+02
  0.34054864E+01  0.27317365E+00  0.54777356E-10  0.30000000E+01  0.19000000E+02
  0.41092032E+01  0.37032129E+00  0.10083938E-08  0.30000000E+01  0.19000000E+02
  0.22745131E+01  0.34247571E+00 -0.10241453E-08  0.30000000E+01  0.19000000E+02
  0.51019465E+01  0.43373635E+00 -0.10213682E-08  0.30000000E+01  0.19000000E+02
  0.34180528E+01  0.27360012E+00 -0.14183637E-09  0.30000000E+01  0.19000000E+02
  0.19854866E+01  0.44962700E+00 -0.52601325E-09  0.30000000E+01  0.19000000E+02
  0.22870795E+01  0.33943022E+00 -0.10197819E-08  0.30000000E+01  0.19000000E+02
  0.41217696E+01  0.37443890E+00  0.10271756E-08  0.30000000E+01  0.19000000E+02
  0.34306192E+01  0.27405161E+00 -0.33304975E-09  0.30000000E+01  0.19000000E+02
  0.30159289E+00  0.22991732E+00 -0.48286140E-09  0.30000000E+01  0.19000000E+02
  0.22996458E+01  0.33648647E+00 -0.97439079E-09  0.30000000E+01  0.19000000E+02
  0.34431855E+01  0.27452890E+00 -0.51189883E-09  0.30000000E+01  0.19000000E+02
  0.41343359E+01  0.37869791E+00  0.99818434E-09  0.30000000E+01  0.19000000E+02
  0.31415927E+00  0.23062401E+00 -0.33917914E-09  0.30000000E+01  0.19000000E+02
  0.10304424E+01  0.35966860E+00  0.58747330E-10  0.30000000E+01  0.19000000E+02
  0.34557519E+01  0.27503279E+00 -0.67189688E-09  0.30000000E+01  0.19000000E+02
  0.23122122E+01  0.33364133E+00 -0.89043339E-09  0.30000000E+01  0.19000000E+02
  0.41469023E+01  0.38310293E+00  0.92141519E-09  0.30000000E+01  0.19000000E+02
  0.34683183E+01  0.27556414E+00 -0.80725638E-09  0.30000000E+01  0.19000000E+02
  0.32672564E+00  0.23136337E+00 -0.18718240E-09  0.30000000E+01  0.19000000E+02
  0.10430088E+01  0.36470685E+00 -0.15480659E-09  0.30000000E+01  0.19000000E+02
  0.54035394E+01  0.31086189E+00 -0.45343457E-09  0.30000000E+01  0.19000000E+02
  0.23247786E+01  0.33089183E+00 -0.77178754E-09  0.30000000E+01  0.19000000E+02
  0.34808847E+01  0.27612381E+00 -0.91310654E-09  0.30000000E+01  0.19000000E+02
  0.41594687E+01  0.38765871E+00  0.79914030E-09  0.30000000E+01  0.19000000E+02
  0.33929201E+00  0.23213593E+00 -0.30679894E-10  0.30000000E+01  0.19000000E+02
  0.10555751E+01  0.36991593E+00 -0.36430300E-09  0.30000000E+01  0.19000000E+02
  0.23373449E+01  0.32823506E+00 -0.62356042E-09  0.30000000E+01  0.19000000E+02
  0.34934510E+01  0.27671271E+00 -0.98583912E-09  0.30000000E+01  0.19000000E+02
  0.41720350E+01  0.39237013E+00  0.63609841E-09  0.30000000E+01  0.19000000E+02
  0.54161057E+01  0.30754121E+00 -0.61354086E-09  0.30000000E+01  0.19000000E+02
  0.35185838E+00  0.23294222E+00  0.12684562E-09  0.30000000E+01  0.19000000E+02
  0.10681415E+01  0.37530223E+00 -0.56010090E-09  0.30000000E+01  0.19000000E+02
  0.23499113E+01  0.32566824E+00 -0.45185221E-09  0.30000000E+01  0.19000000E+02
  0.35060174E+01  0.27733178E+00 -0.10228288E-08  0.30000000E+01  0.19000000E+02
  0.41846014E+01  0.39724220E+00  0.43880252E-09  0.30000000E+01  0.19000000E+02
  0.36442475E+00  0.23378282E+00  0.28166326E-09  0.30000000E+01  0.19000000E+02
  0.10807079E+01  0.38087236E+00 -0.73252800E-09  0.30000000E+01  0.19000000E+02
  0.23624777E+01  0.32318868E+00 -0.26351158E-09  0.30000000E+01  0.19000000E+02
  0.54286721E+01  0.30432418E+00 -0.75215819E-09  0.30000000E+01  0.19000000E+02
  0.35185838E+01  0.27798199E+00 -0.10227919E-08  0.30000000E+01  0.19000000E+02
  0.41971678E+01  0.40228007E+00  0.21656220E-09  0.30000000E+01  0.19000000E+02
  0.37699112E+00  0.23465834E+00  0.43009520E-09  0.30000000E+01  0.19000000E+02
  0.10932742E+01  0.38663317E+00 -0.87230807E-09  0.30000000E+01  0.19000000E+02
  0.23750440E+01  0.32079378E+00 -0.65863764E-10  0.30000000E+01  0.19000000E+02
  0.35311501E+01  0.27866433E+00 -0.98588142E-09  0.30000000E+01  0.19000000E+02
  0.42097342E+01  0.40748902E+00 -0.19820984E-10  0.30000000E+01  0.19000000E+02
  0.38955749E+00  0.23556941E+00  0.56858302E-09  0.30000000E+01  0.19000000E+02
  0.54412385E+01  0.30120734E+00 -0.86532753E-09  0.30000000E+01  0.19000000E+02
  0.11058406E+01  0.39259171E+00 -0.97106506E-09  0.30000000E+01  0.19000000E+02
  0.35437165E+01  0.27937984E+00 -0.91352577E-09  0.30000000E+01  0.19000000E+02
  0.42223005E+01  0.41287440E+00 -0.25806484E-09  0.30000000E+01  0.19000000E+02
  0.11184070E+01  0.39875521E+00 -0.10218439E-08  0.30000000E+01  0.19000000E+02
  0.54538048E+01  0.29818736E+00 -0.94998288E-09  0.30000000E+01  0.19000000E+02
  0.42348669E+01  0.41844170E+00 -0.48498844E-09  0.30000000E+01  0.19000000E+02
  0.11309734E+01  0.40513110E+00 -0.10196264E-08  0.30000000E+01  0.19000000E+02
  0.38578758E+01  0.31175461E+00 -0.49680115E-09  0.30000000E+01  0.19000000E+02
  0.54663712E+01  0.29526107E+00 -0.10040960E-08  0.30000000E+01  0.19000000E+02
  0.42474333E+01  0.42419646E+00 -0.68715221E-09  0.30000000E+01  0.19000000E+02
  0.11435397E+01  0.41172694E+00 -0.96140526E-09  0.30000000E+01  0.19000000E+02
  0.11561061E+01  0.41855040E+00 -0.84857391E-09  0.30000000E+01  0.19000000E+02
  0.38704421E+01  0.31381030E+00 -0.65960529E-09  0.30000000E+01  0.19000000E+02
  0.42599996E+01  0.43014427E+00 -0.85160635E-09  0.30000000E+01  0.19000000E+02
  0.61449552E+01  0.91204870E+00 -0.37376448E-04  0.30000000E+01  0.19000000E+02
  0.54789376E+01  0.29242539E+00 -0.10266173E-08  0.30000000E+01  0.19000000E+02
  0.11686725E+01  0.42560924E+00 -0.68401298E-09  0.30000000E+01  0.19000000E+02
  0.42725660E+01  0.43629074E+00 -0.96671887E-09  0.30000000E+01  0.19000000E+02
  0.38830085E+01  0.31594156E+00 -0.79841587E-09  0.30000000E+01  0.19000000E+02
  0.54915040E+01  0.28967740E+00 -0.10174803E-08  0.30000000E+01  0.19000000E+02
  0.11812388E+01  0.43291121E+00 -0.47478545E-09  0.30000000E+01  0.19000000E+02
  0.42851324E+01  0.44264147E+00 -0.10230223E-08  0.30000000E+01  0.19000000E+02
  0.11938052E+01  0.44046398E+00 -0.23148272E-09  0.30000000E+01  0.19000000E+02
  0.38955749E+01  0.31815071E+00 -0.90788098E-09  0.30000000E+01  0.19000000E+02
  0.42976988E+01  0.44920198E+00 -0.10140725E-08  0.30000000E+01  0.19000000E+02
  0.43102651E+01  0.45597766E+00 -0.93721556E-09  0.30000000E+01  0.19000000E+02
  0.39081413E+01  0.32044017E+00 -0.98364192E-09  0.30000000E+01  0.19000000E+02
  0.43228315E+01  0.46297372E+00 -0.79404071E-09  0.30000000E+01  0.19000000E+02
  0.39207076E+01  0.32281243E+00 -0.10225174E-08  0.30000000E+01  0.19000000E+02
  0.62077871E+01  0.22231735E+00  0.98262541E-09  0.30000000E+01  0.19000000E+02
  0.26640706E+01  0.28423082E+00 -0.94725538E-09  0.30000000E+01  0.19000000E+02
  0.26766369E+01  0.28327467E+00 -0.10050588E-08  0.30000000E+01  0.19000000E+02
  0.26892033E+01  0.28235959E+00 -0.10272285E-08  0.30000000E+01  0.19000000E+02
  0.27017697E+01  0.28148440E+00 -0.10128560E-08  0.30000000E+01  0.19000000E+02
  0.27143361E+01  0.28064796E+00 -0.96222024E-09  0.30000000E+01  0.19000000E+02
  0.27269024E+01  0.27984918E+00 -0.87753087E-09  0.30000000E+01  0.19000000E+02
  0.27520352E+01  0.27836029E+00 -0.61769156E-09  0.30000000E+01  0.19000000E+02
  0.27646015E+01  0.27766812E+00 -0.45199375E-09  0.30000000E+01  0.19000000E+02
  0.16084954E+01  0.10554837E+01 -0.28779605E-12  0.70000000E+01  0.44000000E+02
  0.47249554E+01  0.10737751E+01  0.16404265E-12  0.70000000E+01  0.44000000E+02
  0.51145128E+01  0.56661296E+00 -0.45634912E-12  0.70000000E+01  0.44000000E+02
  0.19980529E+01  0.58579155E+00 -0.29684118E-12  0.70000000E+01  0.44000000E+02
  0.00000000E+00  0.31286470E+00  0.11585312E-13  0.70000000E+01  0.44000000E+02
  0.43353979E+01  0.62271022E+00  0.34123472E-12  0.70000000E+01  0.44000000E+02
  0.12063716E+01  0.59647247E+00  0.48175801E-12  0.70000000E+01  0.44000000E+02
  0.16210618E+01  0.10415099E+01 -0.32480863E-12  0.70000000E+01  0.44000000E+02
  0.47375217E+01  0.10678940E+01  0.11042901E-12  0.70000000E+01  0.44000000E+02
  0.51270792E+01  0.55701702E+00 -0.43066252E-12  0.70000000E+01  0.44000000E+02
  0.20106193E+01  0.57729416E+00 -0.28675870E-12  0.70000000E+01  0.44000000E+02
  0.12566371E-01  0.31289090E+00  0.15415537E-13  0.70000000E+01  0.44000000E+02
  0.43479642E+01  0.63313949E+00  0.34982706E-12  0.70000000E+01  0.44000000E+02
  0.16336282E+01  0.10252370E+01 -0.38049415E-12  0.70000000E+01  0.44000000E+02
  0.12189379E+01  0.60781486E+00  0.72092178E-12  0.70000000E+01  0.44000000E+02
  0.47500881E+01  0.10578308E+01  0.61726353E-13  0.70000000E+01  0.44000000E+02
  0.20231857E+01  0.56912626E+00 -0.27415319E-12  0.70000000E+01  0.44000000E+02
  0.25132741E-01  0.31295093E+00  0.24209567E-13  0.70000000E+01  0.44000000E+02
  0.51396456E+01  0.54780776E+00 -0.45516453E-12  0.70000000E+01  0.44000000E+02
  0.16461946E+01  0.10072781E+01 -0.43236544E-12  0.70000000E+01  0.44000000E+02
  0.43605306E+01  0.64399656E+00  0.46797837E-12  0.70000000E+01  0.44000000E+02
  0.24253095E+01  0.42389784E+00 -0.28936982E-13  0.70000000E+01  0.44000000E+02
  0.12315043E+01  0.61965776E+00  0.47086723E-12  0.70000000E+01  0.44000000E+02
  0.47626545E+01  0.10440632E+01  0.75469819E-13  0.70000000E+01  0.44000000E+02
  0.37699112E-01  0.31304476E+00  0.35060587E-13  0.70000000E+01  0.44000000E+02
  0.20357520E+01  0.56127445E+00 -0.27106125E-12  0.70000000E+01  0.44000000E+02
  0.16587609E+01  0.98816794E+00 -0.46821090E-12  0.70000000E+01  0.44000000E+02
  0.43730970E+01  0.65529915E+00  0.39619278E-12  0.70000000E+01  0.44000000E+02
  0.51522120E+01  0.53896657E+00 -0.45151423E-12  0.70000000E+01  0.44000000E+02
  0.47752208E+01  0.10272252E+01 -0.27957974E-13  0.70000000E+01  0.44000000E+02
  0.12440707E+01  0.63202694E+00  0.50745923E-12  0.70000000E+01  0.44000000E+02
  0.16713273E+01  0.96835102E+00 -0.39859424E-12  0.70000000E+01  0.44000000E+02
  0.50265482E-01  0.31317239E+00  0.42790697E-13  0.70000000E+01  0.44000000E+02
  0.20483184E+01  0.55372593E+00 -0.26284620E-12  0.70000000E+01  0.44000000E+02
  0.43856633E+01  0.66706541E+00  0.39545265E-12  0.70000000E+01  0.44000000E+02
  0.47877872E+01  0.10080124E+01 -0.89292490E-13  0.70000000E+01  0.44000000E+02
  0.51647783E+01  0.53047589E+00 -0.45710399E-12  0.70000000E+01  0.44000000E+02
  0.12566371E+01  0.64494925E+00  0.48465683E-12  0.70000000E+01  0.44000000E+02
  0.16838937E+01  0.94818349E+00 -0.49278767E-12  0.70000000E+01  0.44000000E+02
  0.62831853E-01  0.31333382E+00  0.55996569E-12  0.70000000E+01  0.44000000E+02
  0.48003536E+01  0.98710199E+00 -0.12655701E-12  0.70000000E+01  0.44000000E+02
  0.43982297E+01  0.67931377E+00  0.40246470E-12  0.70000000E+01  0.44000000E+02
  0.20608848E+01  0.54646850E+00 -0.25324364E-12  0.70000000E+01  0.44000000E+02
  0.12692034E+01  0.65845249E+00  0.46059974E-12  0.70000000E+01  0.44000000E+02
  0.16964600E+01  0.92794266E+00 -0.50378375E-12  0.70000000E+01  0.44000000E+02
  0.48129199E+01  0.96509826E+00 -0.15497216E-12  0.70000000E+01  0.44000000E+02
  0.75398224E-01  0.31352904E+00  0.59247212E-13  0.70000000E+01  0.44000000E+02
  0.44107961E+01  0.69206277E+00  0.41306983E-12  0.70000000E+01  0.44000000E+02
  0.51773447E+01  0.52231908E+00 -0.45549678E-12  0.70000000E+01  0.44000000E+02
  0.20734512E+01  0.53949052E+00 -0.24128147E-12  0.70000000E+01  0.44000000E+02
  0.12817698E+01  0.67256517E+00  0.45054389E-12  0.70000000E+01  0.44000000E+02
  0.48254863E+01  0.94250745E+00 -0.18498065E-12  0.70000000E+01  0.44000000E+02
  0.17090264E+01  0.90783922E+00 -0.50987936E-12  0.70000000E+01  0.44000000E+02
  0.44233625E+01  0.70533081E+00  0.45983903E-12  0.70000000E+01  0.44000000E+02
  0.87964594E-01  0.31375808E+00  0.67207556E-13  0.70000000E+01  0.44000000E+02
  0.32295572E+01  0.38854193E+00  0.16583392E-14  0.70000000E+01  0.44000000E+02
  0.48380527E+01  0.91973275E+00 -0.16197980E-12  0.70000000E+01  0.44000000E+02
  0.12943362E+01  0.68731620E+00  0.44464780E-12  0.70000000E+01  0.44000000E+02
  0.20860175E+01  0.53278092E+00 -0.20927942E-12  0.70000000E+01  0.44000000E+02
  0.17215928E+01  0.88802959E+00 -0.50676154E-12  0.70000000E+01  0.44000000E+02
  0.44359288E+01  0.71913582E+00  0.43199582E-12  0.70000000E+01  0.44000000E+02
  0.32421236E+01  0.38860477E+00  0.26671307E-14  0.70000000E+01  0.44000000E+02
  0.10053096E+00  0.31402094E+00  0.73439265E-13  0.70000000E+01  0.44000000E+02
  0.13069025E+01  0.70273443E+00  0.46707956E-12  0.70000000E+01  0.44000000E+02
  0.44484952E+01  0.73349478E+00  0.75469473E-12  0.70000000E+01  0.44000000E+02
  0.48506191E+01  0.89708234E+00 -0.25705318E-12  0.70000000E+01  0.44000000E+02
  0.17341591E+01  0.86862701E+00 -0.50177642E-12  0.70000000E+01  0.44000000E+02
  0.32546900E+01  0.38867288E+00 -0.10551842E-13  0.70000000E+01  0.44000000E+02
  0.20985839E+01  0.52632914E+00 -0.21896257E-12  0.70000000E+01  0.44000000E+02
  0.44610616E+01  0.74842317E+00  0.45065892E-12  0.70000000E+01  0.44000000E+02
  0.13194689E+01  0.71884790E+00  0.43409354E-12  0.70000000E+01  0.44000000E+02
  0.48631854E+01  0.87478318E+00 -0.28197037E-12  0.70000000E+01  0.44000000E+02
  0.17467255E+01  0.84971101E+00 -0.49832066E-12  0.70000000E+01  0.44000000E+02
  0.44736279E+01  0.76393417E+00  0.56531001E-12  0.70000000E+01  0.44000000E+02
  0.13320353E+01  0.73568295E+00  0.45305727E-12  0.70000000E+01  0.44000000E+02
  0.32672564E+01  0.38874677E+00 -0.12260938E-13  0.70000000E+01  0.44000000E+02
  0.48757518E+01  0.85299630E+00 -0.30354767E-12  0.70000000E+01  0.44000000E+02
  0.13446017E+01  0.75326280E+00  0.42359919E-12  0.70000000E+01  0.44000000E+02
  0.44861943E+01  0.78003758E+00  0.47315460E-12  0.70000000E+01  0.44000000E+02
  0.17592919E+01  0.83133515E+00 -0.49578232E-12  0.70000000E+01  0.44000000E+02
  0.52150438E+01  0.49969908E+00 -0.45998554E-12  0.70000000E+01  0.44000000E+02
  0.32798227E+01  0.38882703E+00 -0.17211176E-13  0.70000000E+01  0.44000000E+02
  0.13571680E+01  0.77160572E+00  0.37070897E-12  0.70000000E+01  0.44000000E+02
  0.48883182E+01  0.83183101E+00 -0.24598691E-12  0.70000000E+01  0.44000000E+02
  0.44987607E+01  0.79673851E+00  0.48379219E-12  0.70000000E+01  0.44000000E+02
  0.17718583E+01  0.81353319E+00 -0.46030779E-12  0.70000000E+01  0.44000000E+02
  0.32923891E+01  0.38891432E+00 -0.22972486E-13  0.70000000E+01  0.44000000E+02
  0.13697344E+01  0.79072247E+00  0.39340471E-12  0.70000000E+01  0.44000000E+02
  0.49008845E+01  0.81135716E+00 -0.32115041E-12  0.70000000E+01  0.44000000E+02
  0.45113271E+01  0.81403557E+00  0.49478167E-12  0.70000000E+01  0.44000000E+02
  0.17844246E+01  0.79632392E+00 -0.48355172E-12  0.70000000E+01  0.44000000E+02
  0.13823008E+01  0.81061279E+00  0.37247776E-12  0.70000000E+01  0.44000000E+02
  0.33049555E+01  0.38900940E+00 -0.21433645E-13  0.70000000E+01  0.44000000E+02
  0.49134509E+01  0.79161503E+00 -0.35275763E-12  0.70000000E+01  0.44000000E+02
  0.45238934E+01  0.83191858E+00  0.50689642E-12  0.70000000E+01  0.44000000E+02
  0.17969910E+01  0.77971494E+00 -0.48185620E-12  0.70000000E+01  0.44000000E+02
  0.52276102E+01  0.49272907E+00 -0.45671318E-12  0.70000000E+01  0.44000000E+02
  0.13948671E+01  0.83126078E+00  0.35100014E-12  0.70000000E+01  0.44000000E+02
  0.49260173E+01  0.77262317E+00 -0.37150059E-12  0.70000000E+01  0.44000000E+02
  0.18095574E+01  0.76370556E+00 -0.50384998E-12  0.70000000E+01  0.44000000E+02
  0.45364598E+01  0.85036552E+00  0.52035239E-12  0.70000000E+01  0.44000000E+02
  0.33175218E+01  0.38911307E+00 -0.20842355E-13  0.70000000E+01  0.44000000E+02
  0.14074335E+01  0.85262864E+00  0.32784774E-12  0.70000000E+01  0.44000000E+02
  0.49385837E+01  0.75438441E+00 -0.38699509E-12  0.70000000E+01  0.44000000E+02
  0.18221237E+01  0.74828903E+00 -0.45811618E-12  0.70000000E+01  0.44000000E+02
  0.45490262E+01  0.86933869E+00  0.52861307E-12  0.70000000E+01  0.44000000E+02
  0.33300882E+01  0.38922624E+00 -0.23761884E-13  0.70000000E+01  0.44000000E+02
  0.49511500E+01  0.73689046E+00 -0.38198762E-12  0.70000000E+01  0.44000000E+02
  0.18346901E+01  0.73345423E+00 -0.40557909E-12  0.70000000E+01  0.44000000E+02
  0.14199999E+01  0.87464851E+00  0.31283939E-12  0.70000000E+01  0.44000000E+02
  0.45615925E+01  0.88877976E+00  0.52269635E-12  0.70000000E+01  0.44000000E+02
  0.49637164E+01  0.72012529E+00 -0.40803197E-12  0.70000000E+01  0.44000000E+02
  0.18472565E+01  0.71918700E+00 -0.43558804E-12  0.70000000E+01  0.44000000E+02
  0.14325663E+01  0.89721207E+00  0.34530392E-12  0.70000000E+01  0.44000000E+02
  0.45741589E+01  0.90860352E+00  0.50575128E-12  0.70000000E+01  0.44000000E+02
  0.33426546E+01  0.38934988E+00 -0.23000605E-13  0.70000000E+01  0.44000000E+02
  0.49762828E+01  0.70406768E+00 -0.42166176E-12  0.70000000E+01  0.44000000E+02
  0.18598229E+01  0.70547109E+00 -0.42943914E-12  0.70000000E+01  0.44000000E+02
  0.14451326E+01  0.92015750E+00  0.46763217E-12  0.70000000E+01  0.44000000E+02
  0.45867253E+01  0.92869009E+00  0.49228271E-12  0.70000000E+01  0.44000000E+02
  0.18723892E+01  0.69228891E+00 -0.47621560E-12  0.70000000E+01  0.44000000E+02
  0.49888491E+01  0.68869311E+00 -0.41767524E-12  0.70000000E+01  0.44000000E+02
  0.14576990E+01  0.94325426E+00  0.22279270E-12  0.70000000E+01  0.44000000E+02
  0.45992916E+01  0.94887566E+00  0.50672604E-12  0.70000000E+01  0.44000000E+02
  0.18849556E+01  0.67962210E+00 -0.40517505E-12  0.70000000E+01  0.44000000E+02
  0.50014155E+01  0.67397508E+00 -0.42490456E-12  0.70000000E+01  0.44000000E+02
  0.46118580E+01  0.96894161E+00  0.59659698E-12  0.70000000E+01  0.44000000E+02
  0.14702654E+01  0.96618643E+00  0.18127171E-12  0.70000000E+01  0.44000000E+02
  0.18975220E+01  0.66745196E+00 -0.39738770E-12  0.70000000E+01  0.44000000E+02
  0.50139819E+01  0.65988614E+00 -0.43017397E-12  0.70000000E+01  0.44000000E+02
  0.46244244E+01  0.98860289E+00  0.45172922E-12  0.70000000E+01  0.44000000E+02
  0.14828317E+01  0.98853751E+00  0.14079082E-12  0.70000000E+01  0.44000000E+02
  0.19100883E+01  0.65575973E+00 -0.38659458E-12  0.70000000E+01  0.44000000E+02
  0.50265482E+01  0.64639856E+00 -0.43575544E-12  0.70000000E+01  0.44000000E+02
  0.46369908E+01  0.10074970E+01  0.43197615E-12  0.70000000E+01  0.44000000E+02
  0.14953981E+01  0.10097812E+01  0.99784840E-13  0.70000000E+01  0.44000000E+02
  0.19226547E+01  0.64452684E+00 -0.37546921E-12  0.70000000E+01  0.44000000E+02
  0.46495571E+01  0.10251765E+01  0.41388761E-12  0.70000000E+01  0.44000000E+02
  0.50391146E+01  0.63348488E+00 -0.44346233E-12  0.70000000E+01  0.44000000E+02
  0.15079645E+01  0.10292863E+01  0.51470627E-13  0.70000000E+01  0.44000000E+02
  0.46621235E+01  0.10411093E+01  0.58716392E-12  0.70000000E+01  0.44000000E+02
  0.19352211E+01  0.63373506E+00 -0.35948276E-12  0.70000000E+01  0.44000000E+02
  0.50516810E+01  0.62111821E+00 -0.44810976E-12  0.70000000E+01  0.44000000E+02
  0.15205308E+01  0.10463441E+01 -0.72287315E-14  0.70000000E+01  0.44000000E+02
  0.16336282E+00  0.31584384E+00  0.10570409E-12  0.70000000E+01  0.44000000E+02
  0.46746899E+01  0.10546940E+01  0.47492707E-12  0.70000000E+01  0.44000000E+02
  0.19477874E+01  0.62336664E+00 -0.34648251E-12  0.70000000E+01  0.44000000E+02
  0.50642474E+01  0.60927247E+00 -0.45154899E-12  0.70000000E+01  0.44000000E+02
  0.15330972E+01  0.10602276E+01 -0.62666989E-13  0.70000000E+01  0.44000000E+02
  0.17592919E+00  0.31631053E+00  0.11217143E-12  0.70000000E+01  0.44000000E+02
  0.46872562E+01  0.10652957E+01  0.37198911E-12  0.70000000E+01  0.44000000E+02
  0.19603538E+01  0.61340438E+00 -0.33415376E-12  0.70000000E+01  0.44000000E+02
  0.50768137E+01  0.59792257E+00 -0.45455831E-12  0.70000000E+01  0.44000000E+02
  0.15456636E+01  0.10702795E+01 -0.11345374E-12  0.70000000E+01  0.44000000E+02
  0.46998226E+01  0.10723077E+01  0.26403934E-12  0.70000000E+01  0.44000000E+02
  0.18849556E+00  0.31681143E+00  0.11898558E-12  0.70000000E+01  0.44000000E+02
  0.19729202E+01  0.60383165E+00 -0.31981912E-12  0.70000000E+01  0.44000000E+02
  0.50893801E+01  0.58704446E+00 -0.45633060E-12  0.70000000E+01  0.44000000E+02
  0.15582300E+01  0.10760146E+01 -0.16784016E-12  0.70000000E+01  0.44000000E+02
  0.47123890E+01  0.10752338E+01  0.21296894E-12  0.70000000E+01  0.44000000E+02
  0.19854866E+01  0.59463249E+00 -0.30540383E-12  0.70000000E+01  0.44000000E+02
  0.51019465E+01  0.57661520E+00 -0.45700683E-12  0.70000000E+01  0.44000000E+02
  0.15707963E+01  0.10772054E+01 -0.22651852E-12  0.70000000E+01  0.44000000E+02
  0.15833627E+01  0.10739207E+01 -0.32438508E-12  0.70000000E+01  0.44000000E+02
  0.15959291E+01  0.10665009E+01 -0.30365533E-12  0.70000000E+01  0.44000000E+02
  0.54035394E+01  0.41818746E+00 -0.35015456E-12  0.70000000E+01  0.44000000E+02
  0.58433623E+01  0.33403464E+00 -0.25060517E-12  0.70000000E+01  0.44000000E+02
  0.11686725E+01  0.56520789E+00  0.46698118E-12  0.70000000E+01  0.44000000E+02
  0.11938052E+01  0.58560595E+00  0.47444644E-12  0.70000000E+01  0.44000000E+02
  0.61826543E+01  0.31387600E+00 -0.54907851E-13  0.70000000E+01  0.44000000E+02
  0.62077871E+01  0.31341913E+00  0.10288391E-12  0.70000000E+01  0.44000000E+02
  0.62580526E+01  0.31291383E+00  0.93636434E-13  0.70000000E+01  0.44000000E+02
  0.62706189E+01  0.31287233E+00 -0.34932812E-14  0.70000000E+01  0.44000000E+02
  0.42976988E+01  0.59381989E+00  0.30894255E-12  0.70000000E+01  0.44000000E+02
  0.43102651E+01  0.60306676E+00  0.31251964E-12  0.70000000E+01  0.44000000E+02
  0.43228315E+01  0.61269153E+00  0.51425155E-12  0.70000000E+01  0.44000000E+02
  0.26766369E+01  0.39626148E+00  0.48051991E-13  0.70000000E+01  0.44000000E+02
  0.43479642E+01  0.72847971E+00 -0.19973895E-08  0.40000000E+01  0.25000000E+02
  0.55166367E+01  0.45730443E+00  0.26784893E-08  0.40000000E+01  0.25000000E+02
  0.43605306E+01  0.74126443E+00 -0.13454863E-08  0.40000000E+01  0.25000000E+02
  0.55292031E+01  0.45426240E+00  0.24381756E-08  0.40000000E+01  0.25000000E+02
  0.12315043E+01  0.71659868E+00  0.13128405E-08  0.40000000E+01  0.25000000E+02
  0.43730970E+01  0.75464218E+00 -0.55909074E-09  0.40000000E+01  0.25000000E+02
  0.37699112E-01  0.37732734E+00 -0.99561441E-09  0.40000000E+01  0.25000000E+02
  0.31918581E+01  0.47411498E+00  0.21091796E-08  0.40000000E+01  0.25000000E+02
  0.43856633E+01  0.76864436E+00  0.29601178E-09  0.40000000E+01  0.25000000E+02
  0.12440707E+01  0.73133441E+00  0.19854641E-08  0.40000000E+01  0.25000000E+02
  0.43982297E+01  0.78330432E+00  0.11410458E-08  0.40000000E+01  0.25000000E+02
  0.39835395E+01  0.52389104E+00 -0.27135256E-08  0.40000000E+01  0.25000000E+02
  0.12566371E+01  0.74683264E+00  0.24856601E-08  0.40000000E+01  0.25000000E+02
  0.44107961E+01  0.79865734E+00  0.18883899E-08  0.40000000E+01  0.25000000E+02
  0.12692034E+01  0.76314407E+00  0.27498712E-08  0.40000000E+01  0.25000000E+02
  0.32169909E+01  0.47414770E+00  0.27492774E-08  0.40000000E+01  0.25000000E+02
  0.44233625E+01  0.81474070E+00  0.24501250E-08  0.40000000E+01  0.25000000E+02
  0.12817698E+01  0.78032337E+00  0.27302685E-08  0.40000000E+01  0.25000000E+02
  0.59815924E+01  0.38906034E+00 -0.21821356E-08  0.40000000E+01  0.25000000E+02
  0.44359288E+01  0.83159365E+00  0.27472024E-08  0.40000000E+01  0.25000000E+02
  0.12943362E+01  0.79842946E+00  0.24036241E-08  0.40000000E+01  0.25000000E+02
  0.51899111E+01  0.59536530E+00  0.25406848E-08  0.40000000E+01  0.25000000E+02
  0.44484952E+01  0.84925728E+00  0.27218573E-08  0.40000000E+01  0.25000000E+02
  0.13069025E+01  0.81752561E+00  0.17787262E-08  0.40000000E+01  0.25000000E+02
  0.44610616E+01  0.86777441E+00  0.23484160E-08  0.40000000E+01  0.25000000E+02
  0.13194689E+01  0.83767944E+00  0.90536479E-09  0.40000000E+01  0.25000000E+02
  0.44736279E+01  0.88718915E+00  0.16446888E-08  0.40000000E+01  0.25000000E+02
  0.13320353E+01  0.85896282E+00 -0.12382526E-09  0.40000000E+01  0.25000000E+02
  0.44861943E+01  0.90754645E+00  0.67963384E-09  0.40000000E+01  0.25000000E+02
  0.13446017E+01  0.88145127E+00 -0.11740656E-08  0.40000000E+01  0.25000000E+02
  0.44987607E+01  0.92889122E+00 -0.42407196E-09  0.40000000E+01  0.25000000E+02
  0.13571680E+01  0.90522308E+00 -0.20779192E-08  0.40000000E+01  0.25000000E+02
  0.45113271E+01  0.95126708E+00 -0.14969172E-08  0.40000000E+01  0.25000000E+02
  0.13697344E+01  0.93035748E+00 -0.26555447E-08  0.40000000E+01  0.25000000E+02
  0.45238934E+01  0.97471457E+00 -0.23404406E-08  0.40000000E+01  0.25000000E+02
  0.29405307E+01  0.47248779E+00  0.27769541E-08  0.40000000E+01  0.25000000E+02
  0.13823008E+01  0.95693174E+00 -0.27468219E-08  0.40000000E+01  0.25000000E+02
  0.16336282E+00  0.89631302E+00  0.30362966E-03  0.40000000E+01  0.25000000E+02
  0.56423004E+01  0.43101840E+00 -0.23626299E-08  0.40000000E+01  0.25000000E+02
  0.45364598E+01  0.99926842E+00 -0.27590573E-08  0.40000000E+01  0.25000000E+02
  0.13948671E+01  0.98501642E+00 -0.22560165E-08  0.40000000E+01  0.25000000E+02
  0.33049555E+01  0.47402231E+00 -0.69648959E-09  0.40000000E+01  0.25000000E+02
  0.45490262E+01  0.10249538E+01 -0.26051911E-08  0.40000000E+01  0.25000000E+02
  0.14074335E+01  0.10146679E+01 -0.12034509E-08  0.40000000E+01  0.25000000E+02
  0.45615925E+01  0.10517805E+01 -0.18331746E-08  0.40000000E+01  0.25000000E+02
  0.14199999E+01  0.10459169E+01  0.22790638E-09  0.40000000E+01  0.25000000E+02
  0.18849556E+00  0.38224805E+00 -0.63523848E-09  0.40000000E+01  0.25000000E+02
  0.45741589E+01  0.10797356E+01 -0.55043136E-09  0.40000000E+01  0.25000000E+02
  0.14325663E+01  0.10787507E+01  0.16744582E-08  0.40000000E+01  0.25000000E+02
  0.60695570E+01  0.88504668E+00 -0.40742438E-04  0.40000000E+01  0.25000000E+02
  0.45867253E+01  0.11087715E+01  0.95382602E-09  0.40000000E+01  0.25000000E+02
  0.14451326E+01  0.11130864E+01  0.26371769E-08  0.40000000E+01  0.25000000E+02
  0.20106193E+00  0.87778622E+00 -0.12479830E-03  0.40000000E+01  0.25000000E+02
  0.45992916E+01  0.11387906E+01  0.22312144E-08  0.40000000E+01  0.25000000E+02
  0.57051323E+01  0.42065352E+00 -0.22793350E-08  0.40000000E+01  0.25000000E+02
  0.60821234E+01  0.38236844E+00 -0.13298052E-08  0.40000000E+01  0.25000000E+02
  0.14576990E+01  0.11487321E+01  0.26298068E-08  0.40000000E+01  0.25000000E+02
  0.46118580E+01  0.11696226E+01  0.27776484E-08  0.40000000E+01  0.25000000E+02
  0.14702654E+01  0.11853310E+01  0.14382952E-08  0.40000000E+01  0.25000000E+02
  0.60946897E+01  0.87044196E+00  0.35834162E-04  0.40000000E+01  0.25000000E+02
  0.61072561E+01  0.88247293E+00 -0.71125130E-04  0.40000000E+01  0.25000000E+02
  0.57428314E+01  0.41510830E+00 -0.72984708E-09  0.40000000E+01  0.25000000E+02
  0.61449552E+01  0.89662438E+00 -0.23954756E-03  0.40000000E+01  0.25000000E+02
  0.10053096E+01  0.54161911E+00  0.24193194E-08  0.40000000E+01  0.25000000E+02
  0.26138051E+01  0.47751173E+00  0.23008122E-08  0.40000000E+01  0.25000000E+02
  0.26263715E+01  0.47680475E+00  0.26136607E-08  0.40000000E+01  0.25000000E+02
  0.30536281E+01  0.11576899E+01  0.19623141E-04  0.40000000E+01  0.25000000E+02
  0.26515042E+01  0.47557565E+00  0.27449021E-08  0.40000000E+01  0.25000000E+02
  0.54538048E+01  0.47425568E+00  0.17583066E-08  0.40000000E+01  0.25000000E+02
  0.27394688E+01  0.47291140E+00 -0.10266604E-08  0.40000000E+01  0.25000000E+02
  0.11309734E+01  0.62120220E+00 -0.27427328E-08  0.40000000E+01  0.25000000E+02
  0.16713273E+01  0.11681429E+01 -0.24284227E-08  0.40000000E+01  0.25000000E+02
  0.16838937E+01  0.11373044E+01 -0.27620604E-08  0.40000000E+01  0.25000000E+02
  0.11435397E+01  0.63126518E+00 -0.27638227E-08  0.40000000E+01  0.25000000E+02
  0.34683183E+01  0.47356500E+00  0.17757017E-08  0.40000000E+01  0.25000000E+02
  0.16964600E+01  0.11073328E+01 -0.21475113E-08  0.40000000E+01  0.25000000E+02
  0.34808847E+01  0.47359071E+00  0.22796484E-08  0.40000000E+01  0.25000000E+02
  0.17090264E+01  0.10783835E+01 -0.91542918E-09  0.40000000E+01  0.25000000E+02
  0.17215928E+01  0.10505427E+01  0.50734446E-09  0.40000000E+01  0.25000000E+02
  0.17341591E+01  0.10238490E+01  0.17419546E-08  0.40000000E+01  0.25000000E+02
  0.11812388E+01  0.66439311E+00 -0.17016670E-08  0.40000000E+01  0.25000000E+02
  0.17467255E+01  0.99830858E+00  0.25347300E-08  0.40000000E+01  0.25000000E+02
  0.17592919E+01  0.97390645E+00  0.27772937E-08  0.40000000E+01  0.25000000E+02
  0.35185838E+01  0.47379560E+00  0.27275356E-08  0.40000000E+01  0.25000000E+02
  0.17718583E+01  0.95061360E+00  0.24879125E-08  0.40000000E+01  0.25000000E+02
  0.17844246E+01  0.92839238E+00  0.17768723E-08  0.40000000E+01  0.25000000E+02
  0.17969910E+01  0.90720011E+00  0.80380877E-09  0.40000000E+01  0.25000000E+02
  0.18095574E+01  0.88699160E+00 -0.25825795E-09  0.40000000E+01  0.25000000E+02
  0.18221237E+01  0.86772080E+00 -0.12510639E-08  0.40000000E+01  0.25000000E+02
  0.18346901E+01  0.84934197E+00 -0.20494455E-08  0.40000000E+01  0.25000000E+02
  0.18472565E+01  0.83181043E+00 -0.25704626E-08  0.40000000E+01  0.25000000E+02
  0.18598229E+01  0.81508304E+00 -0.27751903E-08  0.40000000E+01  0.25000000E+02
  0.18723892E+01  0.79911848E+00 -0.26650279E-08  0.40000000E+01  0.25000000E+02
  0.18849556E+01  0.78387741E+00 -0.22745279E-08  0.40000000E+01  0.25000000E+02
  0.18975220E+01  0.76932256E+00 -0.16624317E-08  0.40000000E+01  0.25000000E+02
  0.19100883E+01  0.75541867E+00 -0.90235561E-09  0.40000000E+01  0.25000000E+02
  0.19226547E+01  0.74213252E+00 -0.73682308E-10  0.40000000E+01  0.25000000E+02
  0.19352211E+01  0.72943284E+00  0.74543658E-09  0.40000000E+01  0.25000000E+02
  0.19477874E+01  0.71729020E+00  0.14858943E-08  0.40000000E+01  0.25000000E+02
  0.19603538E+01  0.70567695E+00  0.20906811E-08  0.40000000E+01  0.25000000E+02
  0.48254863E+01  0.11475018E+01 -0.17814109E-08  0.40000000E+01  0.25000000E+02
  0.48380527E+01  0.11123839E+01 -0.27063147E-08  0.40000000E+01  0.25000000E+02
  0.48506191E+01  0.10785109E+01 -0.25848124E-08  0.40000000E+01  0.25000000E+02
  0.48631854E+01  0.10460758E+01 -0.16391266E-08  0.40000000E+01  0.25000000E+02
  0.48757518E+01  0.10151662E+01 -0.27946606E-09  0.40000000E+01  0.25000000E+02
  0.48883182E+01  0.98580112E+00  0.10801143E-08  0.40000000E+01  0.25000000E+02
  0.49008845E+01  0.95795654E+00  0.21283587E-08  0.40000000E+01  0.25000000E+02
  0.49134509E+01  0.93158238E+00  0.26930444E-08  0.40000000E+01  0.25000000E+02
  0.49260173E+01  0.90661379E+00  0.27332185E-08  0.40000000E+01  0.25000000E+02
  0.49385837E+01  0.88297855E+00  0.23081793E-08  0.40000000E+01  0.25000000E+02
  0.49511500E+01  0.86060175E+00  0.15398347E-08  0.40000000E+01  0.25000000E+02
  0.49637164E+01  0.83940882E+00  0.57767103E-09  0.40000000E+01  0.25000000E+02
  0.49762828E+01  0.81932736E+00 -0.42873784E-09  0.40000000E+01  0.25000000E+02
  0.49888491E+01  0.80028819E+00 -0.13491367E-08  0.40000000E+01  0.25000000E+02
  0.50014155E+01  0.78222589E+00 -0.20837254E-08  0.40000000E+01  0.25000000E+02
  0.50139819E+01  0.76507909E+00 -0.25676394E-08  0.40000000E+01  0.25000000E+02
  0.50265482E+01  0.74879048E+00 -0.27714700E-08  0.40000000E+01  0.25000000E+02
  0.50391146E+01  0.73330669E+00 -0.26963834E-08  0.40000000E+01  0.25000000E+02
  0.50516810E+01  0.71857816E+00 -0.23699990E-08  0.40000000E+01  0.25000000E+02
  0.50642474E+01  0.70455893E+00 -0.18383551E-08  0.40000000E+01  0.25000000E+02
  0.50768137E+01  0.69120635E+00 -0.11600291E-08  0.40000000E+01  0.25000000E+02
  0.50893801E+01  0.67848093E+00 -0.39932147E-09  0.40000000E+01  0.25000000E+02
  0.00000000E+00  0.10214470E+01 -0.81252231E-06  0.50000000E+01  0.31000000E+02
  0.12063716E+01  0.82544913E+00 -0.59208478E-08  0.50000000E+01  0.31000000E+02
  0.12566371E-01  0.10133227E+01 -0.74121180E-04  0.50000000E+01  0.31000000E+02
  0.43353979E+01  0.85399107E+00 -0.37595209E-07  0.50000000E+01  0.31000000E+02
  0.25132741E-01  0.98346951E+00  0.53982842E-04  0.50000000E+01  0.31000000E+02
  0.12189379E+01  0.84171432E+00  0.76103572E-08  0.50000000E+01  0.31000000E+02
  0.51270792E+01  0.77170421E+00  0.43176224E-07  0.50000000E+01  0.31000000E+02
  0.12315043E+01  0.85893874E+00  0.20681093E-07  0.50000000E+01  0.31000000E+02
  0.50265482E-01  0.48677966E+00 -0.39685583E-07  0.50000000E+01  0.31000000E+02
  0.31918581E+01  0.62366082E+00  0.43484367E-07  0.50000000E+01  0.31000000E+02
  0.12440707E+01  0.87719812E+00  0.31891982E-07  0.50000000E+01  0.31000000E+02
  0.32044245E+01  0.62369553E+00  0.40033291E-07  0.50000000E+01  0.31000000E+02
  0.32295572E+01  0.62367863E+00  0.16939494E-07  0.50000000E+01  0.31000000E+02
  0.32421236E+01  0.62362176E+00  0.66998313E-09  0.50000000E+01  0.31000000E+02
  0.51647783E+01  0.10060427E+01  0.13568164E-03  0.50000000E+01  0.31000000E+02
  0.32546900E+01  0.62352851E+00 -0.15694230E-07  0.50000000E+01  0.31000000E+02
  0.32798227E+01  0.62321892E+00 -0.39474803E-07  0.50000000E+01  0.31000000E+02
  0.42474333E+01  0.76959593E+00  0.38477432E-07  0.50000000E+01  0.31000000E+02
  0.12817698E+01  0.93908467E+00  0.41656851E-07  0.50000000E+01  0.31000000E+02
  0.11058406E+01  0.72292511E+00 -0.27963328E-07  0.50000000E+01  0.31000000E+02
  0.12943362E+01  0.96244024E+00  0.34354707E-07  0.50000000E+01  0.31000000E+02
  0.43856633E+01  0.91732252E+00 -0.30489149E-07  0.50000000E+01  0.31000000E+02
  0.27017697E+01  0.60420347E+00  0.15093684E-08  0.50000000E+01  0.31000000E+02
  0.13069025E+01  0.98737331E+00  0.21939041E-07  0.50000000E+01  0.31000000E+02
  0.11184070E+01  0.73349091E+00 -0.35927780E-07  0.50000000E+01  0.31000000E+02
  0.13194689E+01  0.10140387E+01  0.57198289E-08  0.50000000E+01  0.31000000E+02
  0.43982297E+01  0.93532431E+00 -0.18154031E-07  0.50000000E+01  0.31000000E+02
  0.42976988E+01  0.81423892E+00 -0.46892261E-08  0.50000000E+01  0.31000000E+02
  0.11309734E+01  0.74462100E+00 -0.41262300E-07  0.50000000E+01  0.31000000E+02
  0.13320353E+01  0.10426129E+01 -0.12090805E-07  0.50000000E+01  0.31000000E+02
  0.44107961E+01  0.95431137E+00 -0.33348219E-08  0.50000000E+01  0.31000000E+02
  0.27394688E+01  0.60632697E+00  0.35922918E-07  0.50000000E+01  0.31000000E+02
  0.13446017E+01  0.10732980E+01 -0.28490940E-07  0.50000000E+01  0.31000000E+02
  0.44233625E+01  0.97435245E+00  0.12242331E-07  0.50000000E+01  0.31000000E+02
  0.44359288E+01  0.99552300E+00  0.26543033E-07  0.50000000E+01  0.31000000E+02
  0.11435397E+01  0.10417871E+01 -0.12812383E-03  0.50000000E+01  0.31000000E+02
  0.13571680E+01  0.11063258E+01 -0.40018479E-07  0.50000000E+01  0.31000000E+02
  0.44484952E+01  0.10179061E+01  0.37449779E-07  0.50000000E+01  0.31000000E+02
  0.11561061E+01  0.76871659E+00 -0.42197617E-07  0.50000000E+01  0.31000000E+02
  0.13697344E+01  0.11419633E+01 -0.43362918E-07  0.50000000E+01  0.31000000E+02
  0.44610616E+01  0.10415932E+01  0.43055795E-07  0.50000000E+01  0.31000000E+02
  0.27646015E+01  0.60791197E+00  0.43444669E-07  0.50000000E+01  0.31000000E+02
  0.13823008E+01  0.11805188E+01 -0.36286063E-07  0.50000000E+01  0.31000000E+02
  0.44736279E+01  0.10666854E+01  0.42006750E-07  0.50000000E+01  0.31000000E+02
  0.29656635E+01  0.99062080E+00  0.11688455E-03  0.50000000E+01  0.31000000E+02
  0.43228315E+01  0.84007407E+00 -0.28922555E-07  0.50000000E+01  0.31000000E+02
  0.44861943E+01  0.10932941E+01  0.33852286E-07  0.50000000E+01  0.31000000E+02
  0.29782298E+01  0.61976745E+00  0.42753967E-07  0.50000000E+01  0.31000000E+02
  0.44987607E+01  0.11215425E+01  0.19341515E-07  0.50000000E+01  0.31000000E+02
  0.45113271E+01  0.11515666E+01  0.58979784E-09  0.50000000E+01  0.31000000E+02
  0.45238934E+01  0.11835160E+01 -0.18983735E-07  0.50000000E+01  0.31000000E+02
  0.62329198E+01  0.48636549E+00  0.37460067E-07  0.50000000E+01  0.31000000E+02
  0.30033626E+01  0.62056606E+00  0.36605487E-07  0.50000000E+01  0.31000000E+02
  0.11812388E+01  0.79553115E+00 -0.29401230E-07  0.50000000E+01  0.31000000E+02
  0.11938052E+01  0.81007517E+00 -0.18621142E-07  0.50000000E+01  0.31000000E+02
  0.30159289E+01  0.62092141E+00  0.25330796E-07  0.50000000E+01  0.31000000E+02
  0.30284953E+01  0.62125063E+00  0.10438001E-07  0.50000000E+01  0.31000000E+02
  0.30410617E+01  0.62155588E+00 -0.59649983E-08  0.50000000E+01  0.31000000E+02
  0.30536281E+01  0.62183906E+00 -0.21537303E-07  0.50000000E+01  0.31000000E+02
  0.30913272E+01  0.62256916E+00 -0.43308634E-07  0.50000000E+01  0.31000000E+02
  0.31164599E+01  0.62296236E+00 -0.28493569E-07  0.50000000E+01  0.31000000E+02
  0.31290263E+01  0.62313080E+00 -0.14151736E-07  0.50000000E+01  0.31000000E+02
  0.17844246E+01  0.11212811E+01 -0.22825337E-07  0.50000000E+01  0.31000000E+02
  0.17969910E+01  0.10933008E+01 -0.36247806E-07  0.50000000E+01  0.31000000E+02
  0.18095574E+01  0.10669441E+01 -0.42887213E-07  0.50000000E+01  0.31000000E+02
  0.18221237E+01  0.10420884E+01 -0.42255547E-07  0.50000000E+01  0.31000000E+02
  0.18346901E+01  0.10186224E+01 -0.35062257E-07  0.50000000E+01  0.31000000E+02
  0.18472565E+01  0.99644591E+00 -0.22884399E-07  0.50000000E+01  0.31000000E+02
  0.18598229E+01  0.97546789E+00 -0.77942986E-08  0.50000000E+01  0.31000000E+02
  0.18723892E+01  0.95560595E+00  0.79953077E-08  0.50000000E+01  0.31000000E+02
  0.18849556E+01  0.93678523E+00  0.22429663E-07  0.50000000E+01  0.31000000E+02
  0.49134509E+01  0.11436474E+01  0.43487443E-07  0.50000000E+01  0.31000000E+02
  0.49260173E+01  0.11082721E+01  0.38346673E-07  0.50000000E+01  0.31000000E+02
  0.49385837E+01  0.10754595E+01  0.25415378E-07  0.50000000E+01  0.31000000E+02
  0.49511500E+01  0.10449511E+01  0.82172009E-08  0.50000000E+01  0.31000000E+02
  0.49637164E+01  0.10165217E+01 -0.97107473E-08  0.50000000E+01  0.31000000E+02
  0.49762828E+01  0.98997469E+00 -0.25405510E-07  0.50000000E+01  0.31000000E+02
  0.49888491E+01  0.96513805E+00 -0.36777247E-07  0.50000000E+01  0.31000000E+02
  0.50014155E+01  0.94186048E+00 -0.42689253E-07  0.50000000E+01  0.31000000E+02
  0.19226547E+01  0.88591832E+00  0.43490304E-07  0.50000000E+01  0.31000000E+02
  0.50265482E+01  0.89946469E+00 -0.37852306E-07  0.50000000E+01  0.31000000E+02
  0.50391146E+01  0.88012392E+00 -0.28585313E-07  0.50000000E+01  0.31000000E+02
  0.19729202E+01  0.82914870E+00  0.11988922E-07  0.50000000E+01  0.31000000E+02
  0.50516810E+01  0.86189316E+00 -0.16420036E-07  0.50000000E+01  0.31000000E+02
  0.50642474E+01  0.84468919E+00 -0.28240896E-08  0.50000000E+01  0.31000000E+02
  0.50768137E+01  0.82843739E+00  0.10761214E-07  0.50000000E+01  0.31000000E+02
  0.51019465E+01  0.79852856E+00  0.32990569E-07  0.50000000E+01  0.31000000E+02
